5000
17750
13734
14155
16297
1250
9006
17588
7117
3866
14918
4703
18455
6825
9494
14819
224
1635
8534
7732
13232
12961
14328
9038
1650
13509
16830
7840
10620
15772
4846
3285
13523
18580
13793
6172
19830
19151
3760
3299
19369
15030
8002
17824
1856
13848
8996
2080
15484
17530
9812
5068
6843
493
10459
8494
10354
7289
12686
974
3062
17532
611
12937
16112
14404
19109
12294
13555
19221
11945
12925
14252
19947
7101
16108
10148
16097
14540
5632
9979
704
10700
16823
17549
1159
1669
7903
4801
14355
5229
4215
11888
5841
17152
4352
16597
12613
12999
6505
11834
4944
19430
6086
4892
2883
18546
11392
18981
13086
17024
5312
10143
4076
2135
7692
1588
156
15596
6389
14512
825
10604
2752
3018
4108
7104
19616
16721
103
6121
8555
1400
1903
10994
2644
1138
5892
14036
16471
15331
11060
1784
5474
11488
271
13166
13076
428
5114
15817
14940
2292
2773
17692
5310
6881
1148
1278
19954
17604
3751
4862
19004
5654
12208
1648
3145
18100
15684
19616
13431
3096
1400
15257
14584
1672
4776
4013
18452
9890
19830
13392
8534
2604
7436
10197
5837
8584
11475
2144
6188
11579
7006
5192
17233
19214
3192
378
17314
18876
16347
7098
1972
17747
18707
16557
15771
3483
570
14223
9726
16752
3967
18260
15708
11403
8457
1546
16340
16285
3690
18880
7864
7048
425
1449
6262
3617
18180
19928
2494
14527
3378
4466
8626
2086
17375
4398
1921
14297
18621
11647
11050
2589
6260
6758
10344
11069
4656
3036
3706
4698
1917
7922
11746
2342
9372
14360
2311
3904
10641
4805
14783
10371
5624
3409
8809
19351
7807
10731
13649
2781
18730
1051
1722
4990
4161
12066
12412
8818
15103
16118
9868
13372
4041
17967
12066
9765
8679
14377
13669
15672
15535
8452
6044
17511
8213
14853
16862
12373
1936
6863
15154
667
7914
13228
2009
8428
1646
14421
17246
13101
10540
3466
6473
10933
1433
18539
698
6465
12917
10719
2137
8452
15523
8181
5963
3736
19387
19177
16109
1323
6041
7615
18342
10307
843
352
15087
2490
14773
12333
15591
1665
12152
18417
12598
9937
16956
9648
16402
6225
367
18540
11029
15890
3073
13344
15979
2460
8874
12088
3784
11267
16056
2126
1574
16899
18830
16662
15741
13604
5347
7685
11621
13851
6102
572
3789
19410
10220
191
5636
6940
15083
13017
19182
18157
6362
15161
617
11588
7250
753
2855
19658
19232
4429
16557
18062
17443
8651
8018
19143
16336
15992
9346
18790
16564
13135
18200
6784
9679
188
10076
4762
13206
9259
2919
15920
4420
19889
7508
8022
16994
10363
7680
16226
11144
590
10641
4940
9241
15011
435
1929
11003
9781
719
7567
2917
15271
10704
12596
15460
780
13710
5018
6391
12982
938
10812
12871
4798
18834
9865
11513
2867
2444
2657
3457
9437
3949
9050
4448
4384
10979
11804
14166
8050
19371
13435
3321
6427
2383
15133
3560
16093
151
9951
9075
17441
763
18298
2239
15950
8164
13752
15169
6960
12762
18626
16397
16711
4028
845
17448
15007
12649
11614
19409
8373
1401
19082
11152
3784
14216
14712
16229
14367
4664
5305
11809
1779
19955
10400
14081
8119
4153
9250
15079
13267
4228
7828
6330
8256
8674
3778
19615
17675
11744
19024
2400
13145
14459
13553
13281
8675
8265
9511
3042
9281
11168
11203
7413
11123
17956
1494
15595
18461
7097
7026
11728
11325
14855
18058
19582
19881
1837
15549
13908
9933
10926
16309
3079
5385
6214
16360
14060
14479
5871
13454
113
13391
1010
7526
4515
18966
9020
16462
17427
16117
3488
9155
3795
14695
3565
19729
14576
1754
15278
8485
11688
6204
1146
14767
7941
7360
7479
2001
18191
9703
11808
18304
3094
9170
5830
3961
8136
11203
423
1915
3672
264
7422
7467
14959
10987
7196
5888
9094
18827
14373
782
5031
11871
11901
12973
15583
19380
11326
13774
5435
19486
12079
8530
8656
14261
8843
13144
1816
5619
15059
5489
2235
2481
12956
17194
9821
16505
3082
18915
15332
13807
19697
363
2030
7950
9688
17613
7330
17367
11388
9118
13205
19819
17648
1862
10432
2843
15006
12249
4814
6418
17738
7049
8899
10694
4244
15072
3551
3678
13987
18883
13838
10036
15599
15868
17986
1639
13482
5317
19006
4870
14435
12212
1041
8435
10426
11473
7630
1784
3722
12445
8202
1460
19494
13454
8507
90
8526
12058
121
2514
7294
13959
12550
2893
9827
6889
884
3309
8558
19891
4531
2993
8455
5572
7780
15233
13398
11762
17017
17120
4207
1572
14933
54
11378
19792
16496
16256
8202
16617
18770
15496
10576
7673
14741
404
14562
15626
65
3120
11869
4597
2465
16676
6521
6597
11909
19919
14711
5278
13392
15271
3202
8325
15325
14580
4469
8173
10837
12671
4791
5959
8168
15367
9984
19261
12123
898
14887
8541
370
3108
13138
19187
19784
16011
2136
8045
12283
16848
13324
5675
12119
12878
10352
3796
7459
14821
11969
14648
3844
16760
16959
8364
8480
6944
7626
16955
4194
18865
5496
4565
1974
14986
104
1758
10998
2241
6156
19633
19089
19480
1660
7560
12358
8364
11356
16169
19537
3325
7169
3381
86
4129
11746
4918
7425
15724
1873
11619
14589
7370
12536
12915
2356
12641
11026
9706
11234
17182
9339
10323
13014
10999
17883
5372
19363
5591
17894
18900
8916
5063
18634
5354
9192
10380
10272
16617
2456
12146
8237
17045
15868
17125
6313
18224
9766
17339
4283
17352
14521
13622
7675
7535
974
1910
9259
16689
7501
7153
15590
12770
8569
10576
18124
17761
956
8397
10731
3412
16895
15320
16809
12763
12445
3122
7339
18564
16813
11622
15916
7686
1597
19944
11573
2571
18206
833
19260
2060
4338
11202
14830
9259
1778
12954
7021
19086
17703
14104
18850
14598
9424
15660
3713
1869
15134
11053
16785
8300
2675
12702
15986
4272
8998
7560
3195
7204
4745
2456
9264
5435
10010
446
14695
8141
9753
18068
7227
7456
12172
6078
18407
17948
18090
2120
19817
9576
9525
12955
17876
12201
5657
10215
12825
14655
17775
16021
1859
18872
14829
7476
659
1191
7922
11706
9332
17675
9774
12912
1484
18298
15342
19891
16246
13432
18363
12416
19360
7889
5371
13589
16442
7380
3804
5619
18387
17931
17992
246
13155
9173
4074
13814
10365
8349
5521
16049
6024
11647
8961
3860
9946
4303
3751
2544
14087
18467
11312
9800
2708
16683
3389
15502
4063
3545
17473
2450
1476
15466
19049
14631
991
19475
4797
7708
7824
10318
3758
10201
18318
9071
14061
8264
13375
14165
7160
3814
8984
18473
13614
11692
11508
13355
3546
11924
16900
1019
10726
18376
12837
6127
9359
10181
5603
14157
17889
9779
827
1647
19980
19145
7071
14042
3761
446
4559
10922
612
13543
5747
10579
1587
17255
3934
1485
9179
835
2504
19906
15563
11694
6033
4923
1875
7988
15432
19764
17768
16259
17764
17748
15405
4835
8142
15518
1633
9053
2792
18597
2596
8539
9176
535
2147
13111
2020
11326
10298
877
7584
5861
12571
9970
10784
10798
17958
2568
6914
15726
18828
1030
9827
10585
2217
14321
6103
3850
3375
8896
18800
2323
13787
7976
19211
15934
17439
17583
3613
7737
18460
7549
13599
7383
17519
735
18181
11830
3304
1448
3908
18484
2478
13735
9069
4696
4409
11524
4898
4136
16772
3698
6459
6912
8027
2022
2846
1818
19606
2811
9556
18066
10361
19507
1802
7880
16594
16335
19710
19898
17783
3619
14734
262
13706
155
1310
18115
11680
6208
2251
4804
6259
5063
11716
10638
3437
10915
12456
3043
13726
2012
17462
439
17871
19264
8320
14466
15599
4382
10716
9735
4353
5451
6349
18060
5606
7659
12527
13638
10219
11131
18443
12830
12546
6511
3468
15983
13778
15925
15379
3857
14289
12841
4296
12161
8457
8968
2979
4056
13351
13695
10143
17704
19146
16492
12116
4753
503
996
14743
10723
12127
9538
19905
4673
16050
3374
17008
6180
15651
12387
10037
9940
1580
14334
18453
10037
19654
1432
10446
13005
15128
589
7062
14274
13434
15530
15379
13937
16526
10123
1012
8653
19661
918
9678
12063
4292
3039
18244
19943
11778
4633
6235
13359
15319
4689
3396
14974
2473
10194
7979
17601
7136
11393
8228
570
6924
3607
10859
3450
10082
11872
12104
6096
9142
18134
18159
9786
1173
12755
6081
12952
17389
12316
2663
12708
13357
2411
7682
15831
12606
12014
9784
16094
3407
18012
16664
10331
17972
3875
10134
8054
12099
18590
14150
1241
16724
8662
7379
14250
17769
13460
3554
11510
2129
6217
4219
15486
4980
8253
7669
13938
16619
17454
10032
27
15466
3048
6710
13438
6924
13196
17845
19023
11786
8347
16617
8511
13361
3996
19113
11131
17457
2667
2641
19586
5236
3212
11424
10216
7818
19094
4155
4437
12900
10539
816
8366
13588
3879
18157
512
17075
16002
15887
8862
4349
8856
13725
17711
12853
12838
5194
6662
11857
7835
2600
17093
7400
14024
3661
15218
9470
4168
16007
18722
14708
16824
7089
8296
703
1598
5160
14130
17600
17399
2992
18301
6256
16717
12364
15461
5907
17558
2123
17764
1746
4723
11209
5498
15099
11223
716
922
15391
13075
19644
6451
9899
3085
11099
6954
4683
12611
1085
18635
10011
429
16937
12619
17147
5653
8080
19406
3212
10203
17171
1310
11278
4732
6808
2729
15955
3876
3
11347
16951
16000
17798
3203
19085
5250
10157
121
17861
7594
18756
7872
8024
12045
491
1523
14051
8571
929
13615
15126
14452
14925
2756
19185
18085
5486
15140
18313
1841
2839
11616
17841
16990
14819
13279
2240
1329
13400
101
5275
8508
4326
13299
16906
1169
11174
10957
6093
8456
4572
1219
2908
15849
328
18445
13934
2166
9938
12247
4007
12777
3863
1849
9767
15035
15128
12007
16364
4880
8461
1639
9740
9139
11291
6646
10308
18817
17603
16401
7273
18527
13973
6534
14376
14301
4979
4662
12819
14917
16909
16826
4047
17125
15027
13814
8512
6507
2174
4876
11387
6987
2867
17480
16126
10510
4126
6434
9328
18082
19188
12953
16609
13161
19487
7338
3814
819
12000
16633
15736
5262
9811
19783
2387
4839
9950
7251
11346
8476
12127
19086
15463
11346
16566
11589
18209
692
14375
7537
15126
13563
490
8088
3076
16330
15426
3242
17149
7426
16227
12885
12688
6039
9021
11427
7230
15323
18678
18576
3799
7157
17662
19262
14856
10580
7203
13065
7625
17930
16954
2751
11494
13796
10839
10922
10126
2617
10517
7275
6396
6744
16513
19084
9135
1886
6864
16365
17209
1894
11294
1008
5404
5308
16622
16612
15889
177
9677
3514
18107
2983
2617
5953
16779
9809
13228
3258
12426
3745
6885
18822
6841
3398
14259
15977
1636
17475
8694
18845
19369
19988
16205
1125
5297
9179
17737
1186
9356
7414
1052
7464
6749
3669
9769
19881
9830
2997
3139
2257
6742
10024
17431
9936
9775
11690
2265
11411
9165
10959
10257
4887
7300
2814
6012
12597
11994
3750
10135
17702
7516
7539
1518
10618
7560
11288
10499
17391
14285
9990
16000
17380
14
13431
7316
6141
1474
9581
17553
6991
540
4162
8230
7840
3328
14243
16789
15322
14345
3276
9377
18213
10815
10895
8831
18376
2183
15682
12119
12821
5672
8119
10201
2039
17902
13869
8180
19376
3450
5733
6368
342
6247
14598
4535
9576
5193
1324
1250
15890
4601
10627
14104
11768
17875
19287
6496
16410
14970
18615
9231
16994
3086
15784
19033
989
9653
7214
365
13103
9299
3085
9798
15547
14036
14333
5123
15581
12009
2725
11472
12962
13353
1928
4731
11228
1215
7579
7638
12537
6195
13222
9532
9281
5358
8565
6622
15012
12131
6988
4467
1431
6425
14265
13330
461
4950
14805
16043
16960
17530
3867
9922
10883
5795
14653
18463
3362
2233
2454
12252
4780
12028
1784
10413
17386
6701
17036
12398
18833
376
13218
16616
6801
7483
6298
3615
8786
1103
16010
5746
18633
19877
15668
5869
2024
6674
684
1738
5259
3138
13990
10039
15166
15774
16804
12553
18828
13840
1303
14013
14216
14521
6981
17370
18357
13279
985
7143
14382
16995
12889
13015
13224
4909
15236
11600
11583
15921
13338
16842
15411
7329
6881
10578
19455
3686
19483
18283
13878
786
12296
4447
15308
15629
1817
13665
8908
19154
17160
3290
12501
6401
12658
5725
11310
7894
13677
2894
167
7015
19736
15579
14344
2970
6157
10152
3008
5640
8435
16886
2778
17084
1333
18086
12713
19502
8103
1622
18656
1615
1264
11157
8016
13922
16882
19327
18169
10559
2221
14688
13927
18309
10267
4623
1279
12776
14775
4287
14768
3211
17526
17547
16647
15211
11985
5712
14714
16441
3686
13370
18056
4951
4528
6073
15225
17762
5400
9746
4674
3973
4435
18601
2282
14702
3224
19914
7479
14352
553
18599
13915
18079
16146
10562
13291
8132
12626
4357
925
16313
17727
18981
17616
18607
1406
12841
16370
3158
18940
17396
7131
3375
12349
5766
14429
11925
5680
18260
6277
6233
16860
192
665
13006
10754
10308
17490
19733
14665
18415
16046
12392
13749
13662
11000
15155
2855
3722
14666
1795
17470
18149
1522
9819
3915
15952
1744
5947
14212
8022
8533
11072
8214
5550
431
15321
15858
14273
15054
10523
12689
11100
19267
2790
1114
6619
14297
321
10341
8963
18469
7811
7113
19991
13982
7380
15943
15727
9680
6508
3749
18213
13932
8315
115
14363
3636
15973
8637
18690
6496
17678
6142
2115
468
3608
8735
11117
3930
15428
81
2399
19592
3546
18742
13574
7278
11038
9301
16958
17546
9402
11523
11478
17718
11638
2194
17706
7611
10831
16397
10459
4861
18891
12575
1681
18852
17662
12798
19134
13090
12879
17885
9034
12777
16627
2609
56
7665
8262
17014
1563
14017
8538
13042
11735
16528
15236
9441
4140
2419
2190
14599
7280
17434
3526
8961
16286
1188
1759
11772
10631
10991
9657
19665
120
6284
18626
176
10302
3241
13543
11865
17258
18433
1259
8993
14961
12847
14786
19101
15266
13329
10053
18898
10763
9931
7859
3401
7472
5971
15173
18103
13314
1182
14120
13434
7466
9099
9963
14120
12340
3506
5986
9598
18291
3597
14943
13252
16445
6081
8706
11711
19410
15111
10610
6525
5042
14821
9926
8866
17144
1451
3321
10458
2633
17442
245
6452
6541
6560
572
15233
6418
2910
4831
4709
6508
16126
14313
19305
2207
3019
11016
1618
18130
17978
8143
19525
9152
14422
8391
6296
15873
8065
13107
14859
5507
9704
1311
8400
16264
18235
3633
2682
17498
4816
3743
4006
942
18056
19663
3149
1076
10679
4767
15558
5010
9263
11435
14162
37
16179
16810
15910
4244
9917
7121
6103
19621
8432
10855
12237
3020
14488
14919
518
19304
15014
876
16598
13071
539
19747
10499
7570
867
2409
12580
6482
13845
3094
6519
6376
19905
18781
10620
9822
5903
13075
5796
10687
3930
18033
13707
14770
9305
10577
10426
4319
11453
7024
17390
8344
3123
4241
15915
3990
6651
4847
6824
16848
7942
13343
3224
4199
12125
10196
14021
18028
19623
16169
5067
3553
14203
15127
18323
3508
5704
5101
4179
13510
12125
17922
1854
15248
2163
14121
15591
5166
15321
2415
2014
19615
12111
1590
3814
4236
11786
14187
18616
7761
6709
35
11314
912
15162
5989
772
867
11090
1303
10729
19567
19225
8935
14816
1389
19409
6759
6555
14730
5526
4922
10697
17637
6512
10863
18225
14651
1402
13193
2412
8111
13229
13727
5375
4743
16068
6147
1962
7159
7451
12691
6726
3028
1627
17894
4417
1036
1005
7325
12118
6532
12247
2815
521
18759
13678
15099
13410
15080
8292
15823
19544
17873
5902
4919
18969
1970
7419
931
5481
11222
13623
8560
14250
15250
6454
15020
12638
3812
2345
4756
10344
10944
7571
7217
9703
17601
2316
19466
9033
10609
11641
4929
4834
17543
9849
3803
15865
17268
1087
1347
4842
14710
6259
19092
6312
12713
10464
18950
16525
9161
3706
3221
105
7629
10439
6161
1582
12755
1979
6967
19716
13620
11897
903
7515
1746
1058
19732
15366
2145
1079
16560
13207
7338
12004
19519
16404
2469
18469
9281
11630
18527
8855
11736
2508
19294
14249
442
8401
16228
7410
4470
9848
15659
1725
13715
13757
2783
13447
5475
1281
10879
2035
14488
14569
14039
14008
10973
16508
8829
16607
4491
3709
5462
16227
6217
1108
10476
3012
5861
3056
10422
6683
12904
2433
8408
6619
16190
11192
16418
1665
8825
7297
3700
3313
1867
14091
17321
12840
6952
2503
5799
11443
6212
7613
4022
8781
8721
10850
11793
10935
13906
18567
17618
3162
1000
6027
6133
17190
13571
2551
18855
2396
9849
18907
5709
11716
9351
19383
908
16303
1886
6708
4098
4450
14321
8120
13231
19395
18970
5025
10330
9228
3592
7948
12390
4593
10327
18523
18135
3898
17426
13343
2646
7275
8602
8356
18991
17953
4091
19900
14256
2329
2960
18354
6779
13633
2826
16362
13028
18148
1387
19710
7376
4980
4011
16118
5925
14338
10993
4060
14589
8420
17403
17235
12047
6006
1943
11039
311
6034
7291
10920
4715
6603
9274
7846
236
8453
4209
9617
6601
5596
9327
10330
6928
9690
2800
9205
4029
10146
13266
18618
18566
7021
15853
10613
9379
14149
18004
9691
183
1647
611
1251
4602
6237
9097
4839
11042
13306
10808
13996
15255
135
4326
2183
9826
3478
11389
10207
13624
1007
5177
12190
4380
17382
19156
10112
11531
13512
16155
11715
11512
13118
9318
16114
15707
18415
17305
6750
8074
8113
746
3329
4601
1424
1864
10779
4902
9605
986
18527
6964
6163
7069
11345
3545
2577
17809
15077
16090
13964
3144
3954
3434
8814
68
19141
7229
17374
5891
15303
5487
2989
14984
10088
765
16849
17219
5668
6454
18205
4195
13419
720
7616
1116
618
10194
18925
12047
2636
9241
11543
6590
12675
357
6658
11816
3938
384
14060
19242
5872
13401
14226
12312
14167
7427
5884
19835
13882
4089
382
7301
1162
7998
8417
18132
14544
7342
10179
17180
16583
18074
3770
9258
18431
6781
17426
2369
7165
11486
17963
9389
1240
8542
18054
15407
15969
3938
15242
9851
4379
11976
13504
5541
16326
1921
3673
10871
5615
10204
8051
18550
8278
8174
4160
3061
14955
1587
5431
2120
9425
19746
11510
10665
8288
5916
6072
610
9854
17666
6813
14233
9642
318
16127
5969
2239
16152
13192
4207
2709
1243
2757
10987
9417
6918
14049
724
4857
15832
2845
10634
15578
10707
1300
219
12975
3724
17181
2829
17743
3994
13414
3737
4312
5893
6058
2904
2046
19250
7111
4755
16846
9868
12094
6263
13138
2495
3340
14347
18327
6185
4982
10258
13244
2634
6829
6219
2710
4010
5400
453
8004
18814
4191
12317
1060
10249
15221
19458
5852
2332
4213
2698
8552
12659
5313
18043
15155
8653
8742
9834
11190
10076
92
4434
12710
6921
7005
11773
7283
12405
8578
15288
7572
9121
7605
8632
15723
19178
8090
1575
17862
8655
4273
2766
17666
9586
17161
12821
14592
5904
19008
5782
15980
19100
6569
5043
2374
13574
13168
9657
2332
1746
1297
9904
10868
8902
14888
6591
4432
19330
8166
2294
4337
8791
5061
2003
14729
18574
11177
9321
4478
10185
15104
16811
5637
1673
18206
8011
11599
11374
14021
13931
13120
15318
187
3988
573
11427
10579
5005
7109
15097
3652
11446
3888
5065
9802
18618
3639
979
4291
4470
11164
19395
1281
16801
17420
15839
1165
5372
7213
11538
15655
333
6856
12195
674
3781
19974
7605
5139
7084
2703
5143
14882
2943
10208
4684
1561
10199
5663
2205
11021
16827
1600
8654
9981
15373
4493
7498
17097
11706
19036
12752
8392
5892
1299
9066
6026
1274
16671
11165
8358
15726
16308
3240
18670
2868
7925
16583
13067
9940
18788
4089
3120
16741
12743
13101
8466
17237
599
5563
5295
15987
14667
13687
1879
15967
19105
4257
17241
15777
15422
1951
7855
8082
1543
6525
10950
5820
3109
370
15761
18249
4459
15233
14990
13554
8334
3456
7143
5285
5371
8791
1272
39
2478
19503
12358
1584
3761
5951
13713
15535
7902
17920
3618
5797
4446
14568
7970
3907
11290
3731
2156
15749
18964
13499
5656
3650
13307
9151
5287
18679
17942
2911
15070
16773
18766
7428
14709
18879
13379
8422
14415
17633
6342
14385
3430
7140
5305
11400
7399
16596
11483
5908
8697
6799
19407
14353
6801
12714
19857
8440
7745
17799
7703
2815
14572
6470
10243
9281
1701
3622
14055
16116
1255
16750
6853
1038
3890
12159
8790
11290
5107
16626
17198
13804
19777
12957
4510
2931
2023
4367
11371
9769
18518
19075
12584
13091
1897
2828
2372
3598
2802
12780
16067
410
9530
2920
1448
9772
11431
6590
17414
16538
19568
10964
6695
19346
3921
7557
2277
5945
11924
10000
15714
10442
5427
8298
19885
7324
7478
2258
7275
10281
15038
3342
10691
920
2614
8491
10692
14046
11433
8107
6936
11002
19071
13631
6700
2993
17540
5329
5290
9464
15329
1004
16259
17109
5654
16144
4433
9485
14754
11708
19766
6144
11402
6809
7064
14017
11652
14109
4415
3085
2216
11351
10439
17639
1335
13491
16984
18875
18820
2274
4692
10502
19630
951
7611
1637
13447
8396
11122
4554
16457
7240
10698
7859
14049
14115
18228
2053
8224
2643
1490
6792
10347
11930
4431
11682
5421
1416
6909
594
42
11601
11096
16025
8904
18707
17662
18704
3455
5136
3258
19912
12376
13956
7772
2777
4423
2352
4830
12647
4996
6320
15791
15343
14602
16575
3377
16376
17991
10286
13322
14385
18240
4418
10410
3496
19477
4424
2200
2932
9560
5458
2845
1936
15767
6969
1065
190
9321
2247
9190
10669
4920
4981
6012
19522
1556
5741
12250
15899
12380
5572
6637
10620
6342
13399
10468
5819
17824
12669
5104
7384
14479
7949
5673
10246
11270
3090
6789
16943
5338
15979
7613
10258
17312
9977
6132
18869
15719
18383
11120
8099
307
17757
15071
6650
11157
5539
12469
5333
14560
17573
12717
9040
1874
14742
15638
9496
17833
2427
6440
3171
18406
14053
9781
15719
4030
15913
10940
16101
14296
18412
552
14604
16170
15623
1254
3679
17515
10075
9012
12075
4001
18081
17467
5875
9176
13106
15372
7009
15533
1812
6532
10292
12217
12665
6011
12599
8578
13303
8701
2875
11715
5605
13831
4237
17581
11437
4268
15096
1512
13280
3523
1865
7714
991
4093
16890
14097
19465
251
5982
17629
3135
16274
6198
15800
18637
18797
4378
11940
3850
3605
8
9456
13788
597
3389
5225
4866
18485
3090
14498
18360
1307
18564
19351
5400
11806
9800
4865
12057
12135
18846
11544
8409
1396
3696
7047
194
4427
15339
396
8032
11699
6204
18173
12297
9593
19750
13515
4430
19192
8013
2791
500
2930
18494
5900
14736
4647
7118
3146
16782
2316
14690
5191
3713
18387
8590
259
2814
3930
655
7198
15629
3212
1723
7926
9157
1474
17793
13588
666
5807
16379
17518
5089
11225
3419
19825
15872
6889
2971
12654
9205
17662
14198
9270
12401
2788
9529
11567
6718
6537
18765
18700
9749
16841
2978
18906
18315
772
8846
15333
2931
1577
12852
8020
12803
12623
7845
5027
19512
10817
14034
5069
4831
8232
14340
17232
11020
3869
8799
14091
6758
3916
9143
12859
757
12121
11766
15424
12893
16964
10758
15824
18542
19962
196
7697
12585
8042
12724
8449
15211
6758
13518
42
14990
4210
13626
2363
8080
2425
12806
11190
2693
1949
4050
19803
14070
12168
15227
3316
9132
2337
15492
7674
18651
15689
15371
11236
3731
4448
16037
18942
11206
5908
15336
2549
10118
8962
4912
14550
7739
14070
5741
10432
16019
9791
6587
6441
1959
18167
9757
11091
16856
5250
15118
15508
939
6841
3096
1022
11289
19134
16316
18848
1394
11652
1397
11512
614
6309
6063
8353
16731
11804
15137
12750
17947
18077
19191
19906
16244
5301
7349
9452
10551
18819
4960
7842
5661
8057
8864
13302
3543
1532
12150
4937
13184
13547
12801
10150
16208
18864
14855
12939
7020
9992
2041
4967
4421
1233
1225
17017
6534
4927
6470
13437
3746
7782
1279
5759
12191
6495
19062
15734
8027
7564
17023
17563
17464
9825
7713
13672
5041
2568
2964
12062
8912
1357
13381
9686
2590
10959
6703
5476
15886
9525
15265
15984
17308
12896
1744
9499
15743
17158
1586
122
4722
18609
17685
2186
4786
1750
12211
9828
670
11527
18242
9583
12884
7975
15621
11827
18934
2324
13655
11172
11850
8921
7157
9158
18169
8901
15009
13913
2411
16595
14035
7133
11557
8073
5672
16343
9823
14235
2523
10494
2114
17117
16429
11350
5093
12050
3177
379
10726
13185
7904
2576
18458
15061
8086
16627
314
3096
10540
19077
16043
928
6210
7600
9001
8234
296
15176
18821
2819
5670
935
16289
18451
8638
17734
10501
11815
14465
1228
1352
2369
156
19810
13782
4595
16438
10448
4043
3330
9525
86
4258
12088
4039
9611
322
4335
4788
15496
3506
6810
12783
19795
5262
1421
13881
15763
9589
8347
13343
10941
10716
9852
7104
4499
14447
19894
14947
14842
3224
825
11280
3835
12913
15319
13446
9587
16006
18234
5083
15865
5045
14219
15660
6659
15640
5894
18774
1581
14241
12118
12523
4957
18322
15979
5808
9121
15873
17108
3963
19097
17933
15243
19284
7198
6915
12731
16785
2921
7317
18221
18786
8714
12440
10799
15373
8080
16693
14148
6014
10934
2618
14889
12243
940
10868
14404
10061
6741
11512
10376
2190
5797
5619
1475
12995
8886
14206
9780
11808
17875
8001
6946
6590
16793
14097
18315
4874
10790
8815
7240
18076
7785
2129
6672
8725
12997
1076
15138
19738
8940
1866
18280
14737
3838
19755
4084
12724
10313
13864
4532
8189
18218
7831
11131
15011
1928
5798
16237
9071
14614
19829
3499
2399
1958
10171
7477
14955
11247
18967
11045
16539
834
9326
11276
4672
5433
11712
17396
15747
1929
18281
288
16499
2464
11419
11510
4392
17217
4100
13463
8183
3929
16963
6935
2240
3486
14412
17195
11086
9731
4593
7625
10565
10271
15254
11589
15704
6966
8986
11451
8895
3619
11739
5394
6083
19510
13257
6827
13080
13709
16643
17615
13990
13606
4550
16230
13444
15314
9778
4530
5046
14371
12156
11963
994
3762
3553
16698
10728
8891
4502
15976
8862
12593
1370
14945
8456
10979
18124
1536
1040
14767
15503
15031
4725
54
7613
18170
11720
17391
2700
13118
8114
11208
5082
9108
14970
4987
2159
2051
10230
6661
18027
19092
15606
15749
10389
4062
6729
8513
1950
4121
3281
17454
19152
4358
17508
6766
2528
5580
509
1581
18699
8624
9141
3781
14084
464
5120
16243
2515
15350
2904
542
14442
18511
12643
1183
18925
15724
9696
876
19846
9329
18330
18998
10040
12190
2116
12568
17770
2626
10501
16469
7602
19643
16602
1686
107
1722
17930
18974
17072
17186
15868
7866
12049
8511
9049
10975
4236
15098
8203
4082
779
6533
19432
10819
18723
17901
3388
16493
16879
10241
9315
4481
6236
5917
6167
2695
7640
449
1669
1064
17636
17537
5283
6037
6049
14332
13364
6637
5782
1567
7071
6562
8100
2855
17381
3175
756
17121
19669
17635
7363
5336
18468
9951
11253
988
12647
15245
1437
14316
12662
15425
8206
17945
17815
14255
8629
11179
17244
14412
12747
4315
17326
847
7170
14707
4023
4279
8181
44
1914
15544
5380
16735
5495
12985
17723
14494
8231
15512
5163
17245
10938
13369
15190
8753
3976
171
16284
1220
10935
9031
5535
8261
6231
9057
19321
10254
13336
7502
6650
11603
3046
8382
8338
4893
1367
6061
15740
5950
1573
903
19547
8863
14272
14737
13968
18248
11261
10253
15820
2196
15636
17707
10458
1867
6764
9779
8473
101
17281
15123
8056
16679
19857
16394
17924
17577
18807
10016
3527
16732
10919
19427
5596
5191
14164
15916
19791
1777
2521
15611
3974
18158
13318
14432
25
16435
563
8499
12888
14196
19974
944
7227
19832
17338
1503
17409
16145
11520
17288
9229
2439
16715
14825
3983
7232
7094
126
9009
5967
15738
12983
4125
5408
3767
503
1843
682
5354
11083
11230
5328
12027
18457
1512
5717
16313
15273
18214
7833
12562
7444
6624
5629
18621
10607
12861
5715
10734
18223
11683
2824
7558
12160
4584
11326
9015
2780
8360
14369
13863
19591
16050
5891
14400
17562
7960
10713
12836
6175
14898
1750
13619
1523
7379
12240
8482
16593
14308
15568
14816
5991
18392
2374
14503
19329
10052
3519
2109
18413
17888
15972
14356
10290
18215
5108
7853
6176
15822
17041
8703
7072
15143
2322
8595
2522
14562
17078
19115
5222
12646
10283
11213
7391
9010
2069
6720
19062
5588
5181
13827
19828
17505
4535
6471
15721
9644
10676
18249
1818
7717
6952
8890
2860
5626
17486
1734
16540
10916
17202
1763
19914
3837
9328
3657
12847
11397
6729
11910
13337
11910
2089
9518
9416
6625
15989
1489
16269
6665
16090
18087
10734
19394
6977
9946
1372
815
8032
17912
8083
5234
19675
4350
9072
5356
8007
18271
13105
11089
10181
6443
2999
8623
12313
8767
15248
8302
6608
7869
11319
19050
5956
18405
18444
9285
4703
19816
6453
12735
14081
10888
17970
10108
15238
3394
15464
19598
18017
8570
10687
4551
11365
10038
13174
3678
18806
4774
8332
1766
12643
16003
817
14951
14408
15613
588
19111
11782
7041
11846
5863
14282
6168
15971
9520
5914
7788
9118
3932
16358
16157
8483
7723
6196
18009
7753
1354
2783
16085
3120
15426
12088
3937
10377
2848
19551
10965
18311
11333
14359
6509
13548
8641
12678
5871
14513
14944
13659
3632
15228
10017
16141
63
14092
2337
18072
18197
3691
855
10634
3164
16281
19074
7101
3010
1922
3004
10328
233
10689
4687
6743
4237
9680
15773
10109
4193
7069
3768
4177
2298
10138
319
2361
582
19008
434
18780
2700
1289
5766
5864
13923
4841
9317
16933
6763
8674
7261
3349
19363
8300
6444
19953
17980
2217
10062
18526
5638
10182
2703
7936
16672
19374
6650
13607
18383
7084
8739
17435
4725
14505
19651
18648
19346
5320
11934
2462
13994
19195
5811
9710
3848
12255
9663
1828
10824
16077
354
12814
2611
19410
751
19284
15136
7401
12891
9871
10837
1630
3658
11914
12487
19661
6915
11834
1334
18849
14296
15328
14396
16459
1390
18244
5066
11053
16425
15890
3482
13131
8704
6094
8893
5807
5378
4030
9560
14621
10253
16749
12603
13912
8664
5090
9925
11931
13276
11259
7132
7572
2940
1528
383
4330
16125
5449
11736
12550
1339
15218
5681
6396
1312
14575
8555
3042
14957
14468
14015
5210
11217
6618
15474
16233
8061
5400
4516
1337
13011
11648
5262
15951
13177
5645
16634
9302
11095
8370
18204
8786
19940
3885
11534
17605
14812
16442
16999
9769
10910
11015
14980
18479
13985
10454
14713
2046
12206
15581
19736
5218
7230
1350
17521
407
3347
14155
6061
10794
18877
4265
19581
15170
4502
7467
12775
19315
3909
6126
9084
11171
17141
416
9651
7479
10871
716
5877
19429
16297
5613
4647
3527
