15000
17750
13734
14155
16297
1250
9006
17588
7117
3866
14918
4703
18455
6825
9494
14819
224
1635
8534
7732
13232
12961
14328
9038
1650
13509
16830
7840
10620
15772
4846
3285
13523
18580
13793
6172
19830
19151
3760
3299
19369
15030
8002
17824
1856
13848
8996
2080
15484
17530
9812
5068
6843
493
10459
8494
10354
7289
12686
974
3062
17532
611
12937
16112
14404
19109
12294
13555
19221
11945
12925
14252
19947
7101
16108
10148
16097
14540
5632
9979
704
10700
16823
17549
1159
1669
7903
4801
14355
5229
4215
11888
5841
17152
4352
16597
12613
12999
6505
11834
4944
19430
6086
4892
2883
18546
11392
18981
13086
17024
5312
10143
4076
2135
7692
1588
156
15596
6389
14512
825
10604
2752
3018
4108
7104
19616
16721
103
6121
8555
1400
1903
10994
2644
1138
5892
14036
16471
15331
11060
1784
5474
11488
271
13166
13076
428
5114
15817
14940
2292
2773
17692
5310
6881
1148
1278
19954
17604
3751
4862
19004
5654
12208
1648
3145
18100
15684
19616
13431
3096
1400
15257
14584
1672
4776
4013
18452
9890
19830
13392
8534
2604
7436
10197
5837
8584
11475
2144
6188
11579
7006
5192
17233
19214
3192
378
17314
18876
16347
7098
1972
17747
18707
16557
15771
3483
570
14223
9726
16752
3967
18260
15708
11403
8457
1546
16340
16285
3690
18880
7864
7048
425
1449
6262
3617
18180
19928
2494
14527
3378
4466
8626
2086
17375
4398
1921
14297
18621
11647
11050
2589
6260
6758
10344
11069
4656
3036
3706
4698
1917
7922
11746
2342
9372
14360
2311
3904
10641
4805
14783
10371
5624
3409
8809
19351
7807
10731
13649
2781
18730
1051
1722
4990
4161
12066
12412
8818
15103
16118
9868
13372
4041
17967
12066
9765
8679
14377
13669
15672
15535
8452
6044
17511
8213
14853
16862
12373
1936
6863
15154
667
7914
13228
2009
8428
1646
14421
17246
13101
10540
3466
6473
10933
1433
18539
698
6465
12917
10719
2137
8452
15523
8181
5963
3736
19387
19177
16109
1323
6041
7615
18342
10307
843
352
15087
2490
14773
12333
15591
1665
12152
18417
12598
9937
16956
9648
16402
6225
367
18540
11029
15890
3073
13344
15979
2460
8874
12088
3784
11267
16056
2126
1574
16899
18830
16662
15741
13604
5347
7685
11621
13851
6102
572
3789
19410
10220
191
5636
6940
15083
13017
19182
18157
6362
15161
617
11588
7250
753
2855
19658
19232
4429
16557
18062
17443
8651
8018
19143
16336
15992
9346
18790
16564
13135
18200
6784
9679
188
10076
4762
13206
9259
2919
15920
4420
19889
7508
8022
16994
10363
7680
16226
11144
590
10641
4940
9241
15011
435
1929
11003
9781
719
7567
2917
15271
10704
12596
15460
780
13710
5018
6391
12982
938
10812
12871
4798
18834
9865
11513
2867
2444
2657
3457
9437
3949
9050
4448
4384
10979
11804
14166
8050
19371
13435
3321
6427
2383
15133
3560
16093
151
9951
9075
17441
763
18298
2239
15950
8164
13752
15169
6960
12762
18626
16397
16711
4028
845
17448
15007
12649
11614
19409
8373
1401
19082
11152
3784
14216
14712
16229
14367
4664
5305
11809
1779
19955
10400
14081
8119
4153
9250
15079
13267
4228
7828
6330
8256
8674
3778
19615
17675
11744
19024
2400
13145
14459
13553
13281
8675
8265
9511
3042
9281
11168
11203
7413
11123
17956
1494
15595
18461
7097
7026
11728
11325
14855
18058
19582
19881
1837
15549
13908
9933
10926
16309
3079
5385
6214
16360
14060
14479
5871
13454
113
13391
1010
7526
4515
18966
9020
16462
17427
16117
3488
9155
3795
14695
3565
19729
14576
1754
15278
8485
11688
6204
1146
14767
7941
7360
7479
2001
18191
9703
11808
18304
3094
9170
5830
3961
8136
11203
423
1915
3672
264
7422
7467
14959
10987
7196
5888
9094
18827
14373
782
5031
11871
11901
12973
15583
19380
11326
13774
5435
19486
12079
8530
8656
14261
8843
13144
1816
5619
15059
5489
2235
2481
12956
17194
9821
16505
3082
18915
15332
13807
19697
363
2030
7950
9688
17613
7330
17367
11388
9118
13205
19819
17648
1862
10432
2843
15006
12249
4814
6418
17738
7049
8899
10694
4244
15072
3551
3678
13987
18883
13838
10036
15599
15868
17986
1639
13482
5317
19006
4870
14435
12212
1041
8435
10426
11473
7630
1784
3722
12445
8202
1460
19494
13454
8507
90
8526
12058
121
2514
7294
13959
12550
2893
9827
6889
884
3309
8558
19891
4531
2993
8455
5572
7780
15233
13398
11762
17017
17120
4207
1572
14933
54
11378
19792
16496
16256
8202
16617
18770
15496
10576
7673
14741
404
14562
15626
65
3120
11869
4597
2465
16676
6521
6597
11909
19919
14711
5278
13392
15271
3202
8325
15325
14580
4469
8173
10837
12671
4791
5959
8168
15367
9984
19261
12123
898
14887
8541
370
3108
13138
19187
19784
16011
2136
8045
12283
16848
13324
5675
12119
12878
10352
3796
7459
14821
11969
14648
3844
16760
16959
8364
8480
6944
7626
16955
4194
18865
5496
4565
1974
14986
104
1758
10998
2241
6156
19633
19089
19480
1660
7560
12358
8364
11356
16169
19537
3325
7169
3381
86
4129
11746
4918
7425
15724
1873
11619
14589
7370
12536
12915
2356
12641
11026
9706
11234
17182
9339
10323
13014
10999
17883
5372
19363
5591
17894
18900
8916
5063
18634
5354
9192
10380
10272
16617
2456
12146
8237
17045
15868
17125
6313
18224
9766
17339
4283
17352
14521
13622
7675
7535
974
1910
9259
16689
7501
7153
15590
12770
8569
10576
18124
17761
956
8397
10731
3412
16895
15320
16809
12763
12445
3122
7339
18564
16813
11622
15916
7686
1597
19944
11573
2571
18206
833
19260
2060
4338
11202
14830
9259
1778
12954
7021
19086
17703
14104
18850
14598
9424
15660
3713
1869
15134
11053
16785
8300
2675
12702
15986
4272
8998
7560
3195
7204
4745
2456
9264
5435
10010
446
14695
8141
9753
18068
7227
7456
12172
6078
18407
17948
18090
2120
19817
9576
9525
12955
17876
12201
5657
10215
12825
14655
17775
16021
1859
18872
14829
7476
659
1191
7922
11706
9332
17675
9774
12912
1484
18298
15342
19891
16246
13432
18363
12416
19360
7889
5371
13589
16442
7380
3804
5619
18387
17931
17992
246
13155
9173
4074
13814
10365
8349
5521
16049
6024
11647
8961
3860
9946
4303
3751
2544
14087
18467
11312
9800
2708
16683
3389
15502
4063
3545
17473
2450
1476
15466
19049
14631
991
19475
4797
7708
7824
10318
3758
10201
18318
9071
14061
8264
13375
14165
7160
3814
8984
18473
13614
11692
11508
13355
3546
11924
16900
1019
10726
18376
12837
6127
9359
10181
5603
14157
17889
9779
827
1647
19980
19145
7071
14042
3761
446
4559
10922
612
13543
5747
10579
1587
17255
3934
1485
9179
835
2504
19906
15563
11694
6033
4923
1875
7988
15432
19764
17768
16259
17764
17748
15405
4835
8142
15518
1633
9053
2792
18597
2596
8539
9176
535
2147
13111
2020
11326
10298
877
7584
5861
12571
9970
10784
10798
17958
2568
6914
15726
18828
1030
9827
10585
2217
14321
6103
3850
3375
8896
18800
2323
13787
7976
19211
15934
17439
17583
3613
7737
18460
7549
13599
7383
17519
735
18181
11830
3304
1448
3908
18484
2478
13735
9069
4696
4409
11524
4898
4136
16772
3698
6459
6912
8027
2022
2846
1818
19606
2811
9556
18066
10361
19507
1802
7880
16594
16335
19710
19898
17783
3619
14734
262
13706
155
1310
18115
11680
6208
2251
4804
6259
5063
11716
10638
3437
10915
12456
3043
13726
2012
17462
439
17871
19264
8320
14466
15599
4382
10716
9735
4353
5451
6349
18060
5606
7659
12527
13638
10219
11131
18443
12830
12546
6511
3468
15983
13778
15925
15379
3857
14289
12841
4296
12161
8457
8968
2979
4056
13351
13695
10143
17704
19146
16492
12116
4753
503
996
14743
10723
12127
9538
19905
4673
16050
3374
17008
6180
15651
12387
10037
9940
1580
14334
18453
10037
19654
1432
10446
13005
15128
589
7062
14274
13434
15530
15379
13937
16526
10123
1012
8653
19661
918
9678
12063
4292
3039
18244
19943
11778
4633
6235
13359
15319
4689
3396
14974
2473
10194
7979
17601
7136
11393
8228
570
6924
3607
10859
3450
10082
11872
12104
6096
9142
18134
18159
9786
1173
12755
6081
12952
17389
12316
2663
12708
13357
2411
7682
15831
12606
12014
9784
16094
3407
18012
16664
10331
17972
3875
10134
8054
12099
18590
14150
1241
16724
8662
7379
14250
17769
13460
3554
11510
2129
6217
4219
15486
4980
8253
7669
13938
16619
17454
10032
27
15466
3048
6710
13438
6924
13196
17845
19023
11786
8347
16617
8511
13361
3996
19113
11131
17457
2667
2641
19586
5236
3212
11424
10216
7818
19094
4155
4437
12900
10539
816
8366
13588
3879
18157
512
17075
16002
15887
8862
4349
8856
13725
17711
12853
12838
5194
6662
11857
7835
2600
17093
7400
14024
3661
15218
9470
4168
16007
18722
14708
16824
7089
8296
703
1598
5160
14130
17600
17399
2992
18301
6256
16717
12364
15461
5907
17558
2123
17764
1746
4723
11209
5498
15099
11223
716
922
15391
13075
19644
6451
9899
3085
11099
6954
4683
12611
1085
18635
10011
429
16937
12619
17147
5653
8080
19406
3212
10203
17171
1310
11278
4732
6808
2729
15955
3876
3
11347
16951
16000
17798
3203
19085
5250
10157
121
17861
7594
18756
7872
8024
12045
491
1523
14051
8571
929
13615
15126
14452
14925
2756
19185
18085
5486
15140
18313
1841
2839
11616
17841
16990
14819
13279
2240
1329
13400
101
5275
8508
4326
13299
16906
1169
11174
10957
6093
8456
4572
1219
2908
15849
328
18445
13934
2166
9938
12247
4007
12777
3863
1849
9767
15035
15128
12007
16364
4880
8461
1639
9740
9139
11291
6646
10308
18817
17603
16401
7273
18527
13973
6534
14376
14301
4979
4662
12819
14917
16909
16826
4047
17125
15027
13814
8512
6507
2174
4876
11387
6987
2867
17480
16126
10510
4126
6434
9328
18082
19188
12953
16609
13161
19487
7338
3814
819
12000
16633
15736
5262
9811
19783
2387
4839
9950
7251
11346
8476
12127
19086
15463
11346
16566
11589
18209
692
14375
7537
15126
13563
490
8088
3076
16330
15426
3242
17149
7426
16227
12885
12688
6039
9021
11427
7230
15323
18678
18576
3799
7157
17662
19262
14856
10580
7203
13065
7625
17930
16954
2751
11494
13796
10839
10922
10126
2617
10517
7275
6396
6744
16513
19084
9135
1886
6864
16365
17209
1894
11294
1008
5404
5308
16622
16612
15889
177
9677
3514
18107
2983
2617
5953
16779
9809
13228
3258
12426
3745
6885
18822
6841
3398
14259
15977
1636
17475
8694
18845
19369
19988
16205
1125
5297
9179
17737
1186
9356
7414
1052
7464
6749
3669
9769
19881
9830
2997
3139
2257
6742
10024
17431
9936
9775
11690
2265
11411
9165
10959
10257
4887
7300
2814
6012
12597
11994
3750
10135
17702
7516
7539
1518
10618
7560
11288
10499
17391
14285
9990
16000
17380
14
13431
7316
6141
1474
9581
17553
6991
540
4162
8230
7840
3328
14243
16789
15322
14345
3276
9377
18213
10815
10895
8831
18376
2183
15682
12119
12821
5672
8119
10201
2039
17902
13869
8180
19376
3450
5733
6368
342
6247
14598
4535
9576
5193
1324
1250
15890
4601
10627
14104
11768
17875
19287
6496
16410
14970
18615
9231
16994
3086
15784
19033
989
9653
7214
365
13103
9299
3085
9798
15547
14036
14333
5123
15581
12009
2725
11472
12962
13353
1928
4731
11228
1215
7579
7638
12537
6195
13222
9532
9281
5358
8565
6622
15012
12131
6988
4467
1431
6425
14265
13330
461
4950
14805
16043
16960
17530
3867
9922
10883
5795
14653
18463
3362
2233
2454
12252
4780
12028
1784
10413
17386
6701
17036
12398
18833
376
13218
16616
6801
7483
6298
3615
8786
1103
16010
5746
18633
19877
15668
5869
2024
6674
684
1738
5259
3138
13990
10039
15166
15774
16804
12553
18828
13840
1303
14013
14216
14521
6981
17370
18357
13279
985
7143
14382
16995
12889
13015
13224
4909
15236
11600
11583
15921
13338
16842
15411
7329
6881
10578
19455
3686
19483
18283
13878
786
12296
4447
15308
15629
1817
13665
8908
19154
17160
3290
12501
6401
12658
5725
11310
7894
13677
2894
167
7015
19736
15579
14344
2970
6157
10152
3008
5640
8435
16886
2778
17084
1333
18086
12713
19502
8103
1622
18656
1615
1264
11157
8016
13922
16882
19327
18169
10559
2221
14688
13927
18309
10267
4623
1279
12776
14775
4287
14768
3211
17526
17547
16647
15211
11985
5712
14714
16441
3686
13370
18056
4951
4528
6073
15225
17762
5400
9746
4674
3973
4435
18601
2282
14702
3224
19914
7479
14352
553
18599
13915
18079
16146
10562
13291
8132
12626
4357
925
16313
17727
18981
17616
18607
1406
12841
16370
3158
18940
17396
7131
3375
12349
5766
14429
11925
5680
18260
6277
6233
16860
192
665
13006
10754
10308
17490
19733
14665
18415
16046
12392
13749
13662
11000
15155
2855
3722
14666
1795
17470
18149
1522
9819
3915
15952
1744
5947
14212
8022
8533
11072
8214
5550
431
15321
15858
14273
15054
10523
12689
11100
19267
2790
1114
6619
14297
321
10341
8963
18469
7811
7113
19991
13982
7380
15943
15727
9680
6508
3749
18213
13932
8315
115
14363
3636
15973
8637
18690
6496
17678
6142
2115
468
3608
8735
11117
3930
15428
81
2399
19592
3546
18742
13574
7278
11038
9301
16958
17546
9402
11523
11478
17718
11638
2194
17706
7611
10831
16397
10459
4861
18891
12575
1681
18852
17662
12798
19134
13090
12879
17885
9034
12777
16627
2609
56
7665
8262
17014
1563
14017
8538
13042
11735
16528
15236
9441
4140
2419
2190
14599
7280
17434
3526
8961
16286
1188
1759
11772
10631
10991
9657
19665
120
6284
18626
176
10302
3241
13543
11865
17258
18433
1259
8993
14961
12847
14786
19101
15266
13329
10053
18898
10763
9931
7859
3401
7472
5971
15173
18103
13314
1182
14120
13434
7466
9099
9963
14120
12340
3506
5986
9598
18291
3597
14943
13252
16445
6081
8706
11711
19410
15111
10610
6525
5042
14821
9926
8866
17144
1451
3321
10458
2633
17442
245
6452
6541
6560
572
15233
6418
2910
4831
4709
6508
16126
14313
19305
2207
3019
11016
1618
18130
17978
8143
19525
9152
14422
8391
6296
15873
8065
13107
14859
5507
9704
1311
8400
16264
18235
3633
2682
17498
4816
3743
4006
942
18056
19663
3149
1076
10679
4767
15558
5010
9263
11435
14162
37
16179
16810
15910
4244
9917
7121
6103
19621
8432
10855
12237
3020
14488
14919
518
19304
15014
876
16598
13071
539
19747
10499
7570
867
2409
12580
6482
13845
3094
6519
6376
19905
18781
10620
9822
5903
13075
5796
10687
3930
18033
13707
14770
9305
10577
10426
4319
11453
7024
17390
8344
3123
4241
15915
3990
6651
4847
6824
16848
7942
13343
3224
4199
12125
10196
14021
18028
19623
16169
5067
3553
14203
15127
18323
3508
5704
5101
4179
13510
12125
17922
1854
15248
2163
14121
15591
5166
15321
2415
2014
19615
12111
1590
3814
4236
11786
14187
18616
7761
6709
35
11314
912
15162
5989
772
867
11090
1303
10729
19567
19225
8935
14816
1389
19409
6759
6555
14730
5526
4922
10697
17637
6512
10863
18225
14651
1402
13193
2412
8111
13229
13727
5375
4743
16068
6147
1962
7159
7451
12691
6726
3028
1627
17894
4417
1036
1005
7325
12118
6532
12247
2815
521
18759
13678
15099
13410
15080
8292
15823
19544
17873
5902
4919
18969
1970
7419
931
5481
11222
13623
8560
14250
15250
6454
15020
12638
3812
2345
4756
10344
10944
7571
7217
9703
17601
2316
19466
9033
10609
11641
4929
4834
17543
9849
3803
15865
17268
1087
1347
4842
14710
6259
19092
6312
12713
10464
18950
16525
9161
3706
3221
105
7629
10439
6161
1582
12755
1979
6967
19716
13620
11897
903
7515
1746
1058
19732
15366
2145
1079
16560
13207
7338
12004
19519
16404
2469
18469
9281
11630
18527
8855
11736
2508
19294
14249
442
8401
16228
7410
4470
9848
15659
1725
13715
13757
2783
13447
5475
1281
10879
2035
14488
14569
14039
14008
10973
16508
8829
16607
4491
3709
5462
16227
6217
1108
10476
3012
5861
3056
10422
6683
12904
2433
8408
6619
16190
11192
16418
1665
8825
7297
3700
3313
1867
14091
17321
12840
6952
2503
5799
11443
6212
7613
4022
8781
8721
10850
11793
10935
13906
18567
17618
3162
1000
6027
6133
17190
13571
2551
18855
2396
9849
18907
5709
11716
9351
19383
908
16303
1886
6708
4098
4450
14321
8120
13231
19395
18970
5025
10330
9228
3592
7948
12390
4593
10327
18523
18135
3898
17426
13343
2646
7275
8602
8356
18991
17953
4091
19900
14256
2329
2960
18354
6779
13633
2826
16362
13028
18148
1387
19710
7376
4980
4011
16118
5925
14338
10993
4060
14589
8420
17403
17235
12047
6006
1943
11039
311
6034
7291
10920
4715
6603
9274
7846
236
8453
4209
9617
6601
5596
9327
10330
6928
9690
2800
9205
4029
10146
13266
18618
18566
7021
15853
10613
9379
14149
18004
9691
183
1647
611
1251
4602
6237
9097
4839
11042
13306
10808
13996
15255
135
4326
2183
9826
3478
11389
10207
13624
1007
5177
12190
4380
17382
19156
10112
11531
13512
16155
11715
11512
13118
9318
16114
15707
18415
17305
6750
8074
8113
746
3329
4601
1424
1864
10779
4902
9605
986
18527
6964
6163
7069
11345
3545
2577
17809
15077
16090
13964
3144
3954
3434
8814
68
19141
7229
17374
5891
15303
5487
2989
14984
10088
765
16849
17219
5668
6454
18205
4195
13419
720
7616
1116
618
10194
18925
12047
2636
9241
11543
6590
12675
357
6658
11816
3938
384
14060
19242
5872
13401
14226
12312
14167
7427
5884
19835
13882
4089
382
7301
1162
7998
8417
18132
14544
7342
10179
17180
16583
18074
3770
9258
18431
6781
17426
2369
7165
11486
17963
9389
1240
8542
18054
15407
15969
3938
15242
9851
4379
11976
13504
5541
16326
1921
3673
10871
5615
10204
8051
18550
8278
8174
4160
3061
14955
1587
5431
2120
9425
19746
11510
10665
8288
5916
6072
610
9854
17666
6813
14233
9642
318
16127
5969
2239
16152
13192
4207
2709
1243
2757
10987
9417
6918
14049
724
4857
15832
2845
10634
15578
10707
1300
219
12975
3724
17181
2829
17743
3994
13414
3737
4312
5893
6058
2904
2046
19250
7111
4755
16846
9868
12094
6263
13138
2495
3340
14347
18327
6185
4982
10258
13244
2634
6829
6219
2710
4010
5400
453
8004
18814
4191
12317
1060
10249
15221
19458
5852
2332
4213
2698
8552
12659
5313
18043
15155
8653
8742
9834
11190
10076
92
4434
12710
6921
7005
11773
7283
12405
8578
15288
7572
9121
7605
8632
15723
19178
8090
1575
17862
8655
4273
2766
17666
9586
17161
12821
14592
5904
19008
5782
15980
19100
6569
5043
2374
13574
13168
9657
2332
1746
1297
9904
10868
8902
14888
6591
4432
19330
8166
2294
4337
8791
5061
2003
14729
18574
11177
9321
4478
10185
15104
16811
5637
1673
18206
8011
11599
11374
14021
13931
13120
15318
187
3988
573
11427
10579
5005
7109
15097
3652
11446
3888
5065
9802
18618
3639
979
4291
4470
11164
19395
1281
16801
17420
15839
1165
5372
7213
11538
15655
333
6856
12195
674
3781
19974
7605
5139
7084
2703
5143
14882
2943
10208
4684
1561
10199
5663
2205
11021
16827
1600
8654
9981
15373
4493
7498
17097
11706
19036
12752
8392
5892
1299
9066
6026
1274
16671
11165
8358
15726
16308
3240
18670
2868
7925
16583
13067
9940
18788
4089
3120
16741
12743
13101
8466
17237
599
5563
5295
15987
14667
13687
1879
15967
19105
4257
17241
15777
15422
1951
7855
8082
1543
6525
10950
5820
3109
370
15761
18249
4459
15233
14990
13554
8334
3456
7143
5285
5371
8791
1272
39
2478
19503
12358
1584
3761
5951
13713
15535
7902
17920
3618
5797
4446
14568
7970
3907
11290
3731
2156
15749
18964
13499
5656
3650
13307
9151
5287
18679
17942
2911
15070
16773
18766
7428
14709
18879
13379
8422
14415
17633
6342
14385
3430
7140
5305
11400
7399
16596
11483
5908
8697
6799
19407
14353
6801
12714
19857
8440
7745
17799
7703
2815
14572
6470
10243
9281
1701
3622
14055
16116
1255
16750
6853
1038
3890
12159
8790
11290
5107
16626
17198
13804
19777
12957
4510
2931
2023
4367
11371
9769
18518
19075
12584
13091
1897
2828
2372
3598
2802
12780
16067
410
9530
2920
1448
9772
11431
6590
17414
16538
19568
10964
6695
19346
3921
7557
2277
5945
11924
10000
15714
10442
5427
8298
19885
7324
7478
2258
7275
10281
15038
3342
10691
920
2614
8491
10692
14046
11433
8107
6936
11002
19071
13631
6700
2993
17540
5329
5290
9464
15329
1004
16259
17109
5654
16144
4433
9485
14754
11708
19766
6144
11402
6809
7064
14017
11652
14109
4415
3085
2216
11351
10439
17639
1335
13491
16984
18875
18820
2274
4692
10502
19630
951
7611
1637
13447
8396
11122
4554
16457
7240
10698
7859
14049
14115
18228
2053
8224
2643
1490
6792
10347
11930
4431
11682
5421
1416
6909
594
42
11601
11096
16025
8904
18707
17662
18704
3455
5136
3258
19912
12376
13956
7772
2777
4423
2352
4830
12647
4996
6320
15791
15343
14602
16575
3377
16376
17991
10286
13322
14385
18240
4418
10410
3496
19477
4424
2200
2932
9560
5458
2845
1936
15767
6969
1065
190
9321
2247
9190
10669
4920
4981
6012
19522
1556
5741
12250
15899
12380
5572
6637
10620
6342
13399
10468
5819
17824
12669
5104
7384
14479
7949
5673
10246
11270
3090
6789
16943
5338
15979
7613
10258
17312
9977
6132
18869
15719
18383
11120
8099
307
17757
15071
6650
11157
5539
12469
5333
14560
17573
12717
9040
1874
14742
15638
9496
17833
2427
6440
3171
18406
14053
9781
15719
4030
15913
10940
16101
14296
18412
552
14604
16170
15623
1254
3679
17515
10075
9012
12075
4001
18081
17467
5875
9176
13106
15372
7009
15533
1812
6532
10292
12217
12665
6011
12599
8578
13303
8701
2875
11715
5605
13831
4237
17581
11437
4268
15096
1512
13280
3523
1865
7714
991
4093
16890
14097
19465
251
5982
17629
3135
16274
6198
15800
18637
18797
4378
11940
3850
3605
8
9456
13788
597
3389
5225
4866
18485
3090
14498
18360
1307
18564
19351
5400
11806
9800
4865
12057
12135
18846
11544
8409
1396
3696
7047
194
4427
15339
396
8032
11699
6204
18173
12297
9593
19750
13515
4430
19192
8013
2791
500
2930
18494
5900
14736
4647
7118
3146
16782
2316
14690
5191
3713
18387
8590
259
2814
3930
655
7198
15629
3212
1723
7926
9157
1474
17793
13588
666
5807
16379
17518
5089
11225
3419
19825
15872
6889
2971
12654
9205
17662
14198
9270
12401
2788
9529
11567
6718
6537
18765
18700
9749
16841
2978
18906
18315
772
8846
15333
2931
1577
12852
8020
12803
12623
7845
5027
19512
10817
14034
5069
4831
8232
14340
17232
11020
3869
8799
14091
6758
3916
9143
12859
757
12121
11766
15424
12893
16964
10758
15824
18542
19962
196
7697
12585
8042
12724
8449
15211
6758
13518
42
14990
4210
13626
2363
8080
2425
12806
11190
2693
1949
4050
19803
14070
12168
15227
3316
9132
2337
15492
7674
18651
15689
15371
11236
3731
4448
16037
18942
11206
5908
15336
2549
10118
8962
4912
14550
7739
14070
5741
10432
16019
9791
6587
6441
1959
18167
9757
11091
16856
5250
15118
15508
939
6841
3096
1022
11289
19134
16316
18848
1394
11652
1397
11512
614
6309
6063
8353
16731
11804
15137
12750
17947
18077
19191
19906
16244
5301
7349
9452
10551
18819
4960
7842
5661
8057
8864
13302
3543
1532
12150
4937
13184
13547
12801
10150
16208
18864
14855
12939
7020
9992
2041
4967
4421
1233
1225
17017
6534
4927
6470
13437
3746
7782
1279
5759
12191
6495
19062
15734
8027
7564
17023
17563
17464
9825
7713
13672
5041
2568
2964
12062
8912
1357
13381
9686
2590
10959
6703
5476
15886
9525
15265
15984
17308
12896
1744
9499
15743
17158
1586
122
4722
18609
17685
2186
4786
1750
12211
9828
670
11527
18242
9583
12884
7975
15621
11827
18934
2324
13655
11172
11850
8921
7157
9158
18169
8901
15009
13913
2411
16595
14035
7133
11557
8073
5672
16343
9823
14235
2523
10494
2114
17117
16429
11350
5093
12050
3177
379
10726
13185
7904
2576
18458
15061
8086
16627
314
3096
10540
19077
16043
928
6210
7600
9001
8234
296
15176
18821
2819
5670
935
16289
18451
8638
17734
10501
11815
14465
1228
1352
2369
156
19810
13782
4595
16438
10448
4043
3330
9525
86
4258
12088
4039
9611
322
4335
4788
15496
3506
6810
12783
19795
5262
1421
13881
15763
9589
8347
13343
10941
10716
9852
7104
4499
14447
19894
14947
14842
3224
825
11280
3835
12913
15319
13446
9587
16006
18234
5083
15865
5045
14219
15660
6659
15640
5894
18774
1581
14241
12118
12523
4957
18322
15979
5808
9121
15873
17108
3963
19097
17933
15243
19284
7198
6915
12731
16785
2921
7317
18221
18786
8714
12440
10799
15373
8080
16693
14148
6014
10934
2618
14889
12243
940
10868
14404
10061
6741
11512
10376
2190
5797
5619
1475
12995
8886
14206
9780
11808
17875
8001
6946
6590
16793
14097
18315
4874
10790
8815
7240
18076
7785
2129
6672
8725
12997
1076
15138
19738
8940
1866
18280
14737
3838
19755
4084
12724
10313
13864
4532
8189
18218
7831
11131
15011
1928
5798
16237
9071
14614
19829
3499
2399
1958
10171
7477
14955
11247
18967
11045
16539
834
9326
11276
4672
5433
11712
17396
15747
1929
18281
288
16499
2464
11419
11510
4392
17217
4100
13463
8183
3929
16963
6935
2240
3486
14412
17195
11086
9731
4593
7625
10565
10271
15254
11589
15704
6966
8986
11451
8895
3619
11739
5394
6083
19510
13257
6827
13080
13709
16643
17615
13990
13606
4550
16230
13444
15314
9778
4530
5046
14371
12156
11963
994
3762
3553
16698
10728
8891
4502
15976
8862
12593
1370
14945
8456
10979
18124
1536
1040
14767
15503
15031
4725
54
7613
18170
11720
17391
2700
13118
8114
11208
5082
9108
14970
4987
2159
2051
10230
6661
18027
19092
15606
15749
10389
4062
6729
8513
1950
4121
3281
17454
19152
4358
17508
6766
2528
5580
509
1581
18699
8624
9141
3781
14084
464
5120
16243
2515
15350
2904
542
14442
18511
12643
1183
18925
15724
9696
876
19846
9329
18330
18998
10040
12190
2116
12568
17770
2626
10501
16469
7602
19643
16602
1686
107
1722
17930
18974
17072
17186
15868
7866
12049
8511
9049
10975
4236
15098
8203
4082
779
6533
19432
10819
18723
17901
3388
16493
16879
10241
9315
4481
6236
5917
6167
2695
7640
449
1669
1064
17636
17537
5283
6037
6049
14332
13364
6637
5782
1567
7071
6562
8100
2855
17381
3175
756
17121
19669
17635
7363
5336
18468
9951
11253
988
12647
15245
1437
14316
12662
15425
8206
17945
17815
14255
8629
11179
17244
14412
12747
4315
17326
847
7170
14707
4023
4279
8181
44
1914
15544
5380
16735
5495
12985
17723
14494
8231
15512
5163
17245
10938
13369
15190
8753
3976
171
16284
1220
10935
9031
5535
8261
6231
9057
19321
10254
13336
7502
6650
11603
3046
8382
8338
4893
1367
6061
15740
5950
1573
903
19547
8863
14272
14737
13968
18248
11261
10253
15820
2196
15636
17707
10458
1867
6764
9779
8473
101
17281
15123
8056
16679
19857
16394
17924
17577
18807
10016
3527
16732
10919
19427
5596
5191
14164
15916
19791
1777
2521
15611
3974
18158
13318
14432
25
16435
563
8499
12888
14196
19974
944
7227
19832
17338
1503
17409
16145
11520
17288
9229
2439
16715
14825
3983
7232
7094
126
9009
5967
15738
12983
4125
5408
3767
503
1843
682
5354
11083
11230
5328
12027
18457
1512
5717
16313
15273
18214
7833
12562
7444
6624
5629
18621
10607
12861
5715
10734
18223
11683
2824
7558
12160
4584
11326
9015
2780
8360
14369
13863
19591
16050
5891
14400
17562
7960
10713
12836
6175
14898
1750
13619
1523
7379
12240
8482
16593
14308
15568
14816
5991
18392
2374
14503
19329
10052
3519
2109
18413
17888
15972
14356
10290
18215
5108
7853
6176
15822
17041
8703
7072
15143
2322
8595
2522
14562
17078
19115
5222
12646
10283
11213
7391
9010
2069
6720
19062
5588
5181
13827
19828
17505
4535
6471
15721
9644
10676
18249
1818
7717
6952
8890
2860
5626
17486
1734
16540
10916
17202
1763
19914
3837
9328
3657
12847
11397
6729
11910
13337
11910
2089
9518
9416
6625
15989
1489
16269
6665
16090
18087
10734
19394
6977
9946
1372
815
8032
17912
8083
5234
19675
4350
9072
5356
8007
18271
13105
11089
10181
6443
2999
8623
12313
8767
15248
8302
6608
7869
11319
19050
5956
18405
18444
9285
4703
19816
6453
12735
14081
10888
17970
10108
15238
3394
15464
19598
18017
8570
10687
4551
11365
10038
13174
3678
18806
4774
8332
1766
12643
16003
817
14951
14408
15613
588
19111
11782
7041
11846
5863
14282
6168
15971
9520
5914
7788
9118
3932
16358
16157
8483
7723
6196
18009
7753
1354
2783
16085
3120
15426
12088
3937
10377
2848
19551
10965
18311
11333
14359
6509
13548
8641
12678
5871
14513
14944
13659
3632
15228
10017
16141
63
14092
2337
18072
18197
3691
855
10634
3164
16281
19074
7101
3010
1922
3004
10328
233
10689
4687
6743
4237
9680
15773
10109
4193
7069
3768
4177
2298
10138
319
2361
582
19008
434
18780
2700
1289
5766
5864
13923
4841
9317
16933
6763
8674
7261
3349
19363
8300
6444
19953
17980
2217
10062
18526
5638
10182
2703
7936
16672
19374
6650
13607
18383
7084
8739
17435
4725
14505
19651
18648
19346
5320
11934
2462
13994
19195
5811
9710
3848
12255
9663
1828
10824
16077
354
12814
2611
19410
751
19284
15136
7401
12891
9871
10837
1630
3658
11914
12487
19661
6915
11834
1334
18849
14296
15328
14396
16459
1390
18244
5066
11053
16425
15890
3482
13131
8704
6094
8893
5807
5378
4030
9560
14621
10253
16749
12603
13912
8664
5090
9925
11931
13276
11259
7132
7572
2940
1528
383
4330
16125
5449
11736
12550
1339
15218
5681
6396
1312
14575
8555
3042
14957
14468
14015
5210
11217
6618
15474
16233
8061
5400
4516
1337
13011
11648
5262
15951
13177
5645
16634
9302
11095
8370
18204
8786
19940
3885
11534
17605
14812
16442
16999
9769
10910
11015
14980
18479
13985
10454
14713
2046
12206
15581
19736
5218
7230
1350
17521
407
3347
14155
6061
10794
18877
4265
19581
15170
4502
7467
12775
19315
3909
6126
9084
11171
17141
416
9651
7479
10871
716
5877
19429
16297
5613
4647
3527
3315
2169
286
6663
12676
2699
17457
11554
3316
13390
6724
7819
858
15851
7134
1119
1977
16218
8643
15471
16635
18294
2950
3858
15362
8827
19639
8011
14441
639
7891
14108
19160
4529
771
11836
7229
18229
19742
10545
11619
6466
18364
8829
18669
1850
6301
647
14421
14944
16118
7408
9590
19068
11266
1304
4247
7257
9315
15040
7896
17206
9149
7056
1736
9920
15245
5317
4501
14987
12214
12473
17806
6931
17654
12827
8781
3955
13474
3202
15251
5944
10610
1193
1364
18228
2497
5612
5486
11813
652
9734
5371
9801
13143
3459
16074
8388
5128
16927
19727
17343
9400
13885
4274
7055
6713
13055
7362
16539
12610
2614
2484
3220
3807
200
17801
2657
5812
3287
14470
2817
9373
16193
8970
2516
16005
1396
7256
1133
18324
3336
18476
7724
13573
19102
11131
286
12158
18494
16826
4768
17460
15662
4340
17619
15862
2141
276
18027
1780
11098
17196
11154
3644
2518
10022
19649
3915
13631
782
2239
16967
15611
6315
10540
14713
13799
7179
3223
8645
357
7991
6105
16019
8684
76
8233
10825
353
2612
12606
7803
19808
112
11447
2327
10134
11096
2594
3765
8231
1185
17084
3842
7500
3977
14907
1299
11156
18131
9944
11513
2474
12401
3884
11158
12478
12117
1984
9183
11082
10942
16986
10890
11054
8434
9569
1188
15882
12163
1306
4113
13348
14742
4307
17201
18719
15567
14852
9875
13698
4797
17740
16172
13550
1624
3683
2380
10094
5667
11563
1176
12961
8550
8418
4015
13336
14340
1555
5570
6503
19213
6036
16204
13956
10343
9757
12675
5910
4609
18903
15960
5758
12995
8485
19309
10972
12168
1689
1066
14187
9605
18594
7148
14507
7012
11163
7843
1352
9070
9765
4208
8284
15801
16764
2240
2497
6521
11267
8407
7482
6522
720
13241
19518
9205
8902
10490
1373
6943
7908
15560
16548
6502
19060
7407
13514
10223
11602
11219
15645
1368
15427
281
17169
8543
18873
19666
15064
10141
4426
2546
13015
5146
12139
12533
10703
17393
19375
12076
4337
7283
3988
17237
13785
3048
997
3652
9623
12599
11223
1620
13967
6650
1902
7489
15193
775
3507
6609
10916
7933
5507
284
9431
17647
12817
16486
11392
8545
8562
12081
12180
8902
5671
2318
8302
6668
5970
14277
19267
13545
15898
9587
16547
17800
17076
11740
18575
583
14701
5844
4869
208
6128
10652
14207
15297
7139
1952
194
12053
14033
12375
17308
19704
14693
5610
6372
17015
19888
1992
10560
15786
11579
7107
9938
5007
15199
8513
5590
6252
10709
6811
2812
13189
13816
17020
4839
955
15324
5033
9360
9357
17408
6668
5414
8453
8631
11786
5468
8519
10130
12380
657
1709
19487
10595
6716
11038
15460
8659
17290
2522
11822
103
15711
5638
13475
550
2945
8799
1936
8658
18156
19344
15326
3570
4150
309
11709
9618
8828
1839
1999
5837
19901
17838
12784
2969
8877
8245
11628
6167
7119
19803
6270
2830
5441
16097
19733
4739
4896
1669
13397
19405
17365
5075
19327
1515
5385
11036
11134
10565
9228
9485
16403
5481
7323
9187
8450
12552
13784
79
15072
903
16234
1342
86
1675
13792
19819
2766
18688
1488
16163
18093
18853
17591
17421
369
2976
4809
7855
13541
10389
13692
9944
15870
17367
15484
4321
9920
5620
752
4992
6524
16986
2686
6610
15013
16478
6429
17780
15167
4269
10295
9612
19474
7886
3385
19843
10862
8195
4050
756
14936
17742
7052
10807
11462
2536
11480
1382
8157
8584
6374
11033
5570
5412
17643
16935
1891
424
11067
13410
1045
1363
3022
519
5601
6408
16715
12816
10955
765
13572
5891
14860
624
13050
6322
19513
4530
4056
4022
9466
6782
15055
11388
12194
9050
8324
10437
5826
19391
3847
6871
17106
3222
7390
2708
5982
4105
15524
13289
1223
5448
15532
12435
6072
8583
15109
1937
9465
19165
5959
18932
5947
17366
10320
14493
6416
14996
4931
12242
10740
5130
15465
7846
8352
2856
6906
10686
3313
18782
3975
4536
4230
19508
13323
6655
4443
8432
8592
13908
7597
14552
12840
9896
11918
19513
4390
14687
14509
5673
3281
5249
10803
18747
9448
19156
17955
12706
6194
1268
11489
10170
2157
12071
6030
15480
18726
10473
265
3671
4381
4214
14575
13574
14111
2845
9439
14853
17532
300
526
814
5550
11329
15913
11350
6837
13868
4056
13032
11488
11897
19554
13645
3969
5584
5478
19047
16057
2095
2718
16790
6309
17293
6716
420
139
16155
15273
17671
16456
15799
14837
18358
3481
7102
6060
10318
970
10116
3350
12459
2014
19256
2456
2335
4840
4286
1382
17249
6381
4101
14040
12691
1394
17108
9463
17885
13264
1089
11909
6072
13240
6746
782
16721
13849
6842
3392
11171
16958
6742
19982
15324
5999
18791
17659
7191
3077
19042
4441
5811
19495
14833
14854
17241
11941
4317
15127
5205
1758
7036
7629
14999
10134
8411
8072
335
15253
11464
7859
8564
14559
7841
3888
16910
6632
17900
4101
6062
13294
4894
8225
12789
19727
3079
10030
11669
3748
1509
13226
5507
4897
17208
16858
15032
5619
1282
11719
873
12747
19578
9437
3658
3772
9677
568
6756
7577
1021
9170
871
2268
17395
13660
1995
474
43
10016
575
17904
19595
2434
2802
16803
19292
14186
2422
16926
5905
19647
9673
1836
5436
9683
1960
15114
10251
5068
2691
7625
14239
19915
9893
7986
13575
8240
4813
9970
18257
5388
7875
14204
7822
10677
11007
3466
4863
9781
392
7120
5781
6418
5308
11217
16101
3620
2683
2705
8689
5375
6682
19280
5290
16575
7266
15217
4815
12079
5188
19424
13819
9415
9980
17993
16444
17339
1459
1307
3473
18204
4779
9254
974
6440
16823
13427
6412
19507
16132
11453
1234
2814
10733
2876
15741
14352
18093
16909
6431
19633
12685
16603
5400
2666
14596
1844
16357
12408
19503
19830
10612
4283
9084
11586
7075
2260
5013
13487
1767
17498
4941
19353
16664
12026
2229
12406
6378
322
9315
9162
16308
2000
5765
1708
1018
361
3553
17376
12769
19408
17206
19733
43
2643
7671
7118
1255
9037
16958
19374
2887
18251
18727
19551
6629
956
11957
13008
17630
17624
18522
10290
15977
639
11999
13347
1000
11904
10723
10122
7664
4282
6207
7708
3277
10231
14826
4532
19268
8136
3906
2155
2739
2633
1706
9369
19941
10016
2377
17571
3992
17251
7862
19969
17890
16213
13317
15242
4469
392
1716
12133
1026
7924
19841
4303
18155
11020
5187
13775
15508
9093
12282
18248
8078
10340
7617
8019
356
6346
1943
701
3597
6157
670
1487
18722
10339
16729
3191
7084
14798
11676
8110
2722
7870
8766
17229
15242
13953
7356
10750
19399
19638
8998
3829
9978
16615
8201
6687
19313
10144
7388
2910
12653
4410
749
11375
11102
13831
10918
14538
8629
2594
19000
7703
10464
7766
1284
5706
18072
8640
12809
17471
4630
1807
1300
14608
14775
5853
17647
14088
15997
1387
16999
8650
5798
17748
25
13252
7931
10943
7790
16560
9890
6790
4263
16706
10909
5547
18765
8981
10539
11574
2804
15169
13381
456
6130
8156
6310
3777
18597
18659
5165
15596
7310
7315
9696
3687
16919
17628
10983
4709
10540
17225
7851
14804
13931
15112
16703
12696
4093
3595
622
3249
18764
10356
3706
1246
14864
6368
5024
13461
5027
6541
9057
8689
10208
15106
8729
7127
9086
19712
8188
19626
13289
16039
10782
7220
7504
3838
16269
11597
7433
13243
14847
2549
3599
14905
3796
18464
1273
5172
11925
2652
8065
17335
11342
18273
8793
71
5400
17879
16135
9940
13857
9424
2331
4640
12996
9835
8478
5617
1433
12263
18861
12632
14812
2460
3889
14960
17276
1514
132
5554
4166
8197
2889
15508
2822
8034
15579
4574
5913
8066
14514
19770
17490
16846
762
6839
6681
5592
12456
4466
17855
7669
13450
12668
10130
17339
7628
3758
18853
4113
9312
3020
8662
8553
18528
7837
16587
10460
12411
2500
14878
3278
18623
8721
124
15737
15560
3157
1330
8016
7624
19185
12038
1074
8205
2168
14766
15834
2278
13619
16299
11591
12991
1313
144
7872
9150
16732
14684
1562
15584
9562
4840
10559
18283
1316
6297
13843
4473
7627
18212
8449
6812
10250
5876
15018
8770
642
7204
7400
10613
19855
18991
3605
1168
15488
7829
10319
12220
2513
8233
7804
12075
9425
14716
6711
10741
1013
16906
11566
8640
11470
16
11804
18072
5892
3174
3194
6534
6730
10595
13499
6585
9586
17104
4106
5074
4933
10777
13646
3798
19010
17803
12226
4787
12519
18937
11880
13532
15843
3446
18524
3666
19814
6680
1738
5706
9855
4933
8592
16585
15528
18444
19523
1466
15548
3629
6541
16834
14406
16539
632
9768
14342
12858
14555
6861
8147
2787
16745
343
6233
11621
4009
2400
18302
5747
4458
8157
10680
9403
1094
2560
7847
617
4027
19747
598
6920
16581
11356
3459
13566
1124
17802
2776
12031
1015
7276
11170
14113
7619
13756
5734
11628
16156
4036
13727
614
8545
4408
10017
5992
3320
17864
2961
7347
17612
3560
14267
10545
14916
17727
463
12393
11881
3240
776
9248
6868
11947
3361
14487
5703
9096
2467
18211
9484
16194
18825
14382
16954
5195
374
275
3059
3335
7622
17023
3247
1890
3921
14516
15969
4384
3261
4202
3976
4037
13450
10844
12336
16812
1683
14391
2260
4150
12602
8096
345
7780
2478
17299
12975
2852
13926
12386
2540
1549
9410
5787
19791
9683
16655
12112
14067
19916
16314
14396
306
9764
5240
12642
2928
6924
3386
5188
7426
12340
13285
7771
120
12115
1423
13095
11320
11701
5482
13860
13250
11244
15999
9393
927
12655
17857
14994
8923
14171
9390
9229
288
10983
18224
3216
14259
1610
8405
1685
13950
18042
5809
14071
10157
3584
3518
1477
15285
9000
11689
4888
244
7689
14281
17523
16696
12139
12518
5619
2662
18260
14849
2950
5595
13073
6167
19854
11035
10924
17892
1337
5318
3701
15408
15475
7285
15279
13305
18922
4279
4994
3810
876
12683
14444
18399
5731
6583
7269
7703
5597
1882
18904
8548
7477
11977
11067
3684
19364
18343
1576
701
3661
1629
12462
19136
5266
7741
12441
4188
8372
13788
4351
9248
6471
18795
4000
8555
1730
11269
16258
7327
9503
15162
12227
16981
3491
3294
17017
19207
1637
14945
19908
1650
16574
12370
787
18192
16463
9580
18732
4836
3368
3083
10436
6192
1878
14436
11099
3608
2058
7357
10936
7913
18871
19515
4894
18714
2810
18263
17921
799
13208
17829
2450
6134
6552
19589
4326
19367
5521
19411
4203
8890
2494
14640
11434
725
5428
2533
4333
3838
6242
11621
11752
5113
11137
12998
3827
10299
11262
18100
7450
4470
15929
6252
10605
18833
2193
11283
18201
7715
10694
18756
12957
9541
13396
4391
10266
15177
3276
10951
15367
9518
18925
3471
10983
6414
16470
11162
13065
4084
9262
515
4906
5191
6768
11863
377
8961
19499
18578
13028
6545
17334
5985
16086
7083
6728
2704
18612
10004
10008
10331
19522
5285
13803
6857
11699
6625
18019
4764
10709
7281
5279
11967
12473
8399
3831
9202
13713
3330
7780
6741
9875
1466
9079
2314
4901
15807
5018
19865
5812
11378
10197
1686
16663
4000
8544
8362
10625
6563
9478
17686
13845
14758
9653
2670
19509
13484
11872
9574
13166
16004
12668
3042
13822
1747
5356
18724
17554
6726
18589
19718
14457
5138
1405
11120
9138
9949
15835
16115
12864
5313
13801
6709
16423
3455
5731
12285
13291
17603
1859
6458
9959
14527
9500
3782
16274
11208
18858
10181
14286
13799
9899
8743
18938
7656
19864
4428
13957
15699
544
6822
17364
14345
9883
13788
14152
15615
2425
3796
9570
4284
10254
15882
18812
16106
16016
11438
7314
14874
17971
1600
5025
7871
10344
315
15527
6560
1096
9485
18611
1640
12659
15975
12337
2542
6115
2842
14509
8540
6638
4080
9177
16892
16314
4341
12998
12330
12131
16664
7204
10103
14616
8581
17974
1312
5249
9853
7872
6345
19338
2835
7985
11997
18811
16674
10892
1278
19516
5401
6171
6154
5833
11700
19398
2147
16041
8748
14477
8172
5412
18033
18275
29
2967
12601
1341
8216
2455
5566
14561
18145
8401
18898
6495
3564
11924
17387
1195
11441
19140
3718
13947
4974
15418
9698
3473
11459
18446
17951
15983
3859
12336
14259
240
15303
6860
17933
19871
5667
19851
10784
3813
8253
9682
10308
8169
17959
7695
9364
9400
6835
13082
19699
8161
4852
9397
11635
16311
4196
5938
8647
8055
18274
2906
4647
9930
6118
18932
9801
8138
18784
586
11951
3389
6620
2259
7910
4579
6306
17275
10331
9493
6709
6383
14007
7914
12132
5642
577
16328
7932
9224
735
6206
8482
5382
12488
10953
667
2290
19091
15803
19228
11042
19192
2200
9653
7102
3132
12311
729
13463
1804
3791
16198
15811
11705
8331
17805
12282
4659
5737
17859
5395
8296
6341
7129
784
17294
7796
19426
16385
19951
15006
3779
15495
17207
9784
2598
339
2095
19679
10154
252
19822
6353
12415
7879
11036
10221
162
15695
12310
14373
17442
606
714
4572
17743
14361
8720
17169
10746
5024
8528
10878
519
5735
662
19469
6074
19110
19149
12580
19362
18971
15285
8129
3203
6321
14702
19717
18369
7013
14090
15811
3971
14804
16735
18066
9165
1808
11588
16264
6832
116
3494
7351
5851
508
6821
8277
19618
2322
17209
15332
17645
12495
3462
848
18816
18164
565
17185
1529
14655
9349
1853
5812
2436
19919
11329
4244
11507
7593
7428
11623
11087
14780
13826
11596
17953
2103
7566
275
15665
2899
17920
8160
2713
15121
3328
17229
15686
16866
15111
6694
6215
16964
12506
8651
13235
3835
9248
4743
7781
16676
12718
15220
7808
2897
3168
5761
1352
10735
2388
17017
9986
16661
5177
12699
11782
8506
6280
3820
5372
1391
10514
7939
14707
19372
12942
7943
3208
2190
9038
7341
15219
1756
2561
3027
4653
5730
8789
6006
16465
7529
3023
2803
4190
4553
11854
12324
13059
18134
16145
14783
15878
3011
2722
10585
2384
12016
18528
1944
14207
7566
9285
9426
5675
8198
8805
6680
13928
13946
12686
6745
1476
12062
9548
2018
16615
17754
14343
6026
15889
6840
17161
11767
9851
19883
18704
8587
8251
17233
6883
2458
1151
12520
8236
6826
719
17042
13507
14647
10988
2545
17745
8816
10959
7293
10835
3926
5048
5178
6304
17289
12018
3465
5408
18221
19700
4112
3161
7952
17697
10044
10410
15201
18917
14999
18379
19636
12041
11886
14283
19381
10784
12028
8198
18095
15674
19033
2022
17074
563
8326
10715
8933
11792
16123
3506
7844
16587
6667
15796
10637
13064
2559
5838
11981
17558
4217
7969
5951
12456
2252
5332
19592
10633
9882
17687
2659
8915
16061
16085
5830
740
6800
14763
12532
19275
18270
376
12214
4937
12525
2851
14353
15084
5041
2686
12642
5611
10655
14945
14419
9260
277
10363
16245
10160
4402
18904
15427
464
14989
1258
1204
18141
12373
10088
17416
10643
6816
5982
11933
19341
8834
6286
14425
10227
5325
3419
12190
15980
18364
6609
5240
14994
16972
1485
1506
1375
16741
13285
18191
8082
10895
15747
6223
3269
5835
19991
13912
12651
5974
2197
8345
11160
4836
19122
1387
10161
2542
13578
6141
17258
16539
7734
12252
9864
5571
10110
7591
2313
3396
5782
6747
14291
1529
9323
17560
3716
5666
7825
12719
11640
10022
1064
19152
14858
187
16892
5019
19081
6822
7513
16339
3361
11599
4944
13225
17170
11406
17168
15835
14802
19302
2583
5446
17183
8258
3006
899
13924
7183
13619
1917
17206
11035
1069
12064
11222
17961
13436
6655
4783
17301
19347
4497
8900
4291
14074
2422
15697
11243
18258
6852
10545
17193
12298
7729
5451
11656
4980
19375
18840
14951
17644
16046
5987
18714
4462
13561
13027
17898
217
17811
11551
19564
18660
451
207
12734
2874
12256
329
17484
19108
7227
14677
11406
11308
16480
19415
16288
12207
18255
11240
9852
14301
17227
8566
15115
10788
17945
9366
7357
15756
917
6921
10768
1369
3480
3503
595
15737
184
18079
14845
7411
9108
2604
18719
5588
2019
11360
17795
16626
18952
3999
10927
16179
8917
2394
3319
6863
11760
10677
18971
12678
13950
9740
10399
17431
9595
10994
13168
9779
5425
4365
13543
14533
3321
8614
16473
1692
19974
14268
18318
18926
14620
5597
11457
3537
7992
11129
10400
19752
18158
9372
12430
8460
19112
19181
5891
8707
10175
15411
14838
11952
16129
8381
6485
19450
13348
2958
17495
13322
13579
15813
8601
8199
1411
16410
11736
5755
7539
2137
5507
2049
11509
14290
10510
6973
13471
16401
12032
19999
8165
6870
11951
4294
11604
14789
96
4952
14099
17591
14626
7678
9757
19579
12229
7520
15990
3966
13275
19881
2455
15134
1931
10316
5776
12441
13641
15600
5194
5673
15599
9711
8895
3902
14005
499
15043
10454
1803
9143
4397
12782
13173
14154
8713
5403
18026
4703
5721
7653
937
4528
2788
19220
11196
8564
11661
4837
4164
13207
6862
16115
2919
15757
16370
13276
12609
11413
3730
10764
16908
4480
19898
10082
14986
8612
11837
13013
9667
13910
666
10604
14790
19806
9824
5986
4723
17837
7175
5239
7397
10389
17707
10316
6146
14077
3592
15107
1842
3675
5872
18751
4507
5770
5185
19493
10734
13374
12506
402
3636
9525
7358
18426
5683
13535
764
10406
11372
4291
15646
18769
14680
9705
5437
17178
3782
5382
12286
1976
5409
14510
727
9916
16632
2264
5761
7367
11990
18268
4121
15626
4145
11479
10404
9828
5014
7520
16587
12739
11811
8585
11508
2843
18290
13298
22
18424
15032
8660
400
441
3170
17480
6709
19802
19744
12470
3521
11735
7090
7642
3713
11235
19122
10470
17416
488
17990
10355
13227
6154
18940
1088
5349
17230
14386
5371
15654
9418
14031
16054
6211
13553
13534
12920
9708
9631
5390
13229
17718
8833
17224
17783
68
12698
8253
13836
13186
2596
4191
6414
8750
19483
7502
10451
16713
18240
15823
8719
7658
6206
1126
10221
16112
11012
3141
5820
16995
4883
15401
14713
10068
12625
8849
6489
1675
17102
325
14862
16050
869
17628
1152
352
5130
11604
13418
3370
7427
2137
7380
9985
19615
17601
6097
6980
17094
8269
3975
18329
3671
15041
8398
12648
3890
14887
14324
17344
11564
5538
13395
8785
3166
10899
9138
8296
2503
2556
8018
6282
1045
11750
16268
17013
5703
18717
3993
19149
6987
4320
13830
10658
19361
2228
19658
3251
13467
13982
16948
1384
15872
6695
10169
19038
17594
15659
3686
98
14567
11704
2732
15613
19806
19000
8978
5509
14070
9323
4658
1057
13643
18489
8067
13005
17069
4077
12608
6889
18060
5908
8273
13932
12603
14794
9323
10198
10454
13009
6648
5021
1066
9380
16986
872
4733
5964
6382
15155
15287
7392
12564
5283
5881
631
14640
2951
1060
7248
6192
19120
9509
14465
9405
2112
9259
15080
8662
19713
8089
11662
1087
9155
1043
18073
6380
2128
4038
12762
17283
15677
16506
9847
17312
2388
6830
11952
1691
7890
19201
7883
3363
8710
18700
9120
7174
4311
4200
15837
377
8641
3851
1464
14149
1246
19537
529
3374
19927
9643
17009
11957
6149
3208
9269
8537
6390
1222
6580
10633
16775
10815
10348
1837
9515
19468
9011
10179
20
1200
10556
8661
5052
12020
2810
2650
7909
3339
6025
7837
12982
19386
19794
15484
18947
5415
373
5337
6637
6954
15970
19764
14121
6318
1601
3637
2138
6965
10168
2158
4517
724
7172
5921
12744
9982
8572
653
9674
10949
4842
19008
10335
988
14492
9282
6404
14866
14620
9393
18172
6942
9158
12293
9613
7111
12282
11751
14076
2450
10262
18594
3174
17434
867
12270
3768
9439
9276
13442
388
10470
8803
10724
11459
3295
16358
17863
14513
7330
3608
12685
10625
12766
4979
238
16230
13613
8341
10306
16064
18603
5252
19238
12389
6120
7861
12510
11911
13489
2304
12300
3959
11107
19376
15418
10755
15734
9633
5268
19417
13242
14306
10042
2360
19285
10280
18590
9250
14973
5249
5314
13577
10501
905
2318
12973
8766
14828
4885
2255
17133
13537
2566
4592
12913
17985
15347
4999
7618
616
768
17212
14922
10810
19573
10559
1090
18163
19809
16064
3412
1476
5993
10266
2381
4663
19591
7499
15844
828
6106
12977
14365
8672
13921
3630
3009
9269
4982
10628
6237
5750
7840
1159
16561
3765
8070
14003
1929
4231
6419
1693
5707
8764
11959
4440
13428
11551
8291
9272
12379
14397
18601
3097
3070
12522
6727
6079
18143
8061
13059
4380
13812
17252
1891
6725
1017
9961
728
19298
10545
3500
992
12604
12264
12951
13397
2044
854
1688
7668
9586
16086
2621
12683
15508
11496
19410
17939
9639
7472
7351
14020
17636
4603
15911
4361
1972
2225
1441
1271
9122
4941
18615
1726
13558
7918
15123
11954
8773
13164
19623
18359
9250
18596
7394
1110
10092
3156
19049
19732
6980
6400
10104
4616
7355
2367
5329
5680
4592
6771
3303
10066
8064
1918
8145
1622
9836
19620
13577
14961
12784
9552
9672
2034
8148
17066
3144
14593
223
18546
10677
7203
1298
781
8172
5006
3148
13501
10686
4093
272
13989
14159
8337
12259
2304
6311
2095
18277
16240
13409
11061
5792
3081
13096
10293
148
12592
4886
16723
7490
15563
278
5141
12696
8450
10147
12196
18304
833
16289
18576
11174
6801
3265
3433
5457
5929
1880
3734
2169
15289
14796
4314
18371
4244
10959
14871
13188
15845
7946
679
7760
8224
2172
456
13027
12319
12652
11331
9504
5294
6259
17030
8447
5877
463
13904
11806
18695
13991
10327
13985
5139
10993
8708
9383
1952
19931
18923
17797
7877
15954
1909
12453
18126
18717
1832
10445
11370
9515
19949
13016
12127
16979
1463
18004
13794
11719
6162
12490
5710
12841
2827
10849
3835
11535
16584
5787
7818
15508
19937
12047
7814
1846
4500
5941
564
2685
16386
8286
8552
12688
17654
679
6019
19117
18683
16166
7188
1197
5008
12899
14039
7835
100
17874
15722
13037
3661
19892
8545
3598
11939
16359
1797
12791
18652
2361
15476
11391
6999
4029
431
4653
4708
6450
122
19744
18968
7310
17293
328
16561
11332
8163
13014
9206
237
6051
9220
129
10948
9170
12068
3659
10967
1212
2312
9680
16688
13703
13031
17069
14134
17684
18130
16936
14158
17874
12257
1469
15167
12585
14382
2852
17101
7396
8410
13690
13447
17630
13820
747
3153
2240
4407
14120
3452
6719
153
16493
16774
13184
13562
7260
10869
8044
4196
5027
2270
12805
2848
17438
5391
13583
16642
2492
979
5052
16182
10779
19035
6354
11526
2188
4947
15933
16308
4751
19004
16461
17596
12130
9646
7511
19390
16867
15555
19939
18246
17826
12744
17447
11616
18135
11030
8258
16979
8361
9662
9514
19140
8697
12220
10667
10885
13519
2952
3546
18271
18309
16359
15867
10439
2357
3378
9830
15576
15286
9769
13823
13112
18865
7622
4728
13353
18652
9338
6684
7013
19000
16198
2506
7698
4771
9525
14935
18290
12477
18481
16561
10786
11193
8781
1226
13550
8511
7408
9127
3797
13529
19302
13261
12394
6924
17989
5747
1928
3679
12432
5293
2680
4982
7799
6730
9753
17324
18017
4396
6154
12851
17309
16940
4044
6090
14518
17594
10954
1926
3073
14751
15455
2375
8013
4202
5651
2354
9949
7579
2386
18733
9225
1418
3716
13376
8148
9821
10701
6165
14217
13207
15368
11527
10147
19412
13969
1018
13359
4923
19296
16432
16027
14752
15160
392
18954
811
19098
5255
4743
1484
3989
10320
2902
4057
3696
7402
13878
14397
9920
4448
7604
5288
15975
14104
4701
6296
11474
18060
11220
10770
10844
3599
1874
6004
3991
17180
3168
3089
2436
7911
4574
2777
14583
3828
3186
18279
11231
17064
9029
1151
17864
12985
6439
10191
7089
11140
16488
18563
5552
7708
5686
16397
11307
7560
18753
11650
4741
1921
14739
7177
6184
15665
6306
767
19494
9492
19047
7077
2908
8076
8228
773
17413
14667
10964
4503
2160
7452
19418
4064
11512
5104
16813
19171
9017
15567
10821
13758
13840
1913
17287
16377
13930
3593
17144
9776
9437
12543
16853
12345
16971
5081
9470
14385
16101
435
15240
14613
4239
11010
15029
15752
12467
11843
11275
1484
3762
2097
11594
13954
362
8881
10331
14292
8826
3828
4069
18263
16371
17274
6960
9695
18708
16431
432
14809
13218
12024
5774
17457
3034
803
9561
15501
8998
17189
13337
12760
15638
4931
6715
16000
10164
13398
6644
18990
17226
10713
13605
9950
7988
566
15997
3048
13349
16429
17857
6567
8453
19983
376
7839
786
9938
3341
6137
7127
13030
18897
2765
14314
1964
15117
4478
15363
1761
3469
8941
8827
13426
18891
13167
13992
14888
16215
7341
7669
14072
13908
16122
10407
14285
3962
7545
575
3655
13682
4054
13037
8932
3171
7351
10896
14640
11830
2611
16401
11651
7905
5228
5077
6796
18395
19070
18037
14610
2763
5706
5034
13024
18181
15441
3661
18495
19339
588
2150
13021
4642
11539
1953
4165
18891
9202
18805
7073
8165
15206
18724
16070
16787
3801
2867
11534
19223
17256
6145
1987
2962
7531
11363
17495
19325
15024
15990
18664
15612
14492
11685
16606
6032
9991
17123
1275
19193
15928
8348
3710
7486
7072
19781
4273
7225
19000
15808
6449
16256
18305
4788
15570
2188
12503
9418
1513
7527
5408
16529
19491
16253
4567
16097
2285
14558
9572
3560
10103
5500
8260
13813
9338
15332
13594
9964
18909
8946
2124
5358
1554
429
6498
17125
18969
19001
6543
16835
2880
8303
13364
18723
4556
14283
11172
3193
8841
744
3105
15296
6244
11365
9110
15583
3049
19056
5547
1959
4355
7671
7317
5909
4452
10168
19386
19773
5521
5929
16608
4754
10585
9973
3477
15141
4256
14650
18335
9450
15394
1440
4746
17991
9158
10208
9926
12207
5617
11825
14166
6324
19496
17836
12233
300
8004
11620
73
9877
13901
16682
14631
4486
3007
14461
19628
3615
9111
14315
9417
857
12107
10516
18848
1265
17076
8774
13473
2693
599
7639
9017
16447
5475
17603
13099
9831
9223
13173
16061
19476
6207
10692
3963
5566
1505
19943
5533
10616
10610
14951
7826
2717
5467
6674
335
2543
11801
13808
1589
12400
17799
6958
5200
19627
913
18299
9458
10136
7824
1871
9613
10383
12564
9928
12301
10421
9871
17835
1038
481
12786
8864
19550
14605
11890
19885
13500
3691
10045
11441
12444
7845
14752
17644
7472
15665
12295
13282
5802
16472
15154
11767
6855
4070
1695
15509
14491
7918
13344
11881
4751
2482
17097
4301
13439
8988
4187
6939
9031
14232
18381
1475
18429
13133
15471
2253
8798
4119
15536
10952
591
7042
19071
3798
7464
17118
19307
18307
1388
9003
10189
6139
11485
7286
10441
4924
12626
10980
11864
1658
1564
6597
19485
16346
16082
14957
18599
1232
15428
14135
8537
16019
17529
7608
16169
4993
1079
15477
3301
2467
4480
9842
8607
12318
13480
15400
17242
6107
2732
5458
4117
4296
8407
3602
642
841
14911
15594
2074
10339
9729
6963
2710
3611
10923
18880
4956
12002
10709
4609
14470
11541
14451
19429
3859
7932
14829
17454
10391
13913
19264
14508
14561
7672
14462
15204
4865
5726
7150
3291
12417
16879
10254
11480
16842
1178
6712
1799
13180
13773
6408
4002
5314
17212
3431
5526
1496
14612
19332
11887
8525
18596
2747
3087
2620
13561
14643
7486
19287
1793
10777
8057
15024
1032
19537
8219
18562
2601
6370
8094
16374
12778
12097
1688
6342
11880
3566
7838
2845
2898
19725
7722
1495
18824
7161
467
12386
18156
4305
8025
19949
15083
16082
11326
12467
11971
19545
7381
14572
2267
15475
7298
15045
3924
8987
17740
15805
8905
5578
15002
11804
1656
2724
9651
480
6238
6470
12866
4394
10776
892
4344
5859
13326
12022
14678
1650
7919
2059
12574
10186
17534
19873
1583
17811
5212
19323
9968
14117
4902
4970
2273
2910
4046
8276
3390
10284
14747
16257
14679
5523
13501
15375
7734
3179
3749
18764
1181
11668
823
13756
18206
14709
9981
16141
12520
11545
15465
2488
2014
16719
3810
4288
19629
7857
8916
19371
14493
3663
11980
5524
5538
5481
899
13272
5013
1000
12036
2546
9020
9211
12654
7226
3921
2635
3368
12793
14180
15185
11634
16195
8256
15444
16835
4237
19653
5751
3608
10499
5767
15589
16023
11305
17422
13275
930
18787
14275
9318
1334
3296
18530
13988
6874
18803
12976
10242
7948
3508
1779
19582
16055
6387
11379
12890
10624
7384
14994
14233
17883
761
6174
10259
8418
3596
3534
9348
2384
17809
18667
70
17457
13549
14058
4332
12352
3386
10926
300
6895
9058
16235
2950
15445
3966
12193
6070
11350
3539
16655
5586
652
2829
15845
9070
2777
19379
14771
1513
13540
9790
1583
7350
3339
11994
11682
12043
15380
2608
8695
18627
11666
4930
17930
3464
8896
6475
9534
16599
10014
2541
2185
10666
1722
18030
16088
4499
13761
10859
2365
3653
649
3948
11003
3988
12294
2685
12383
4027
1646
1079
2654
9664
2361
584
13128
11258
7059
19014
4209
13425
1555
6394
4091
3277
4424
16532
4129
14537
7391
6494
18190
4393
6794
9194
4733
19089
11879
17117
3116
9877
18196
2122
19542
557
19059
12670
8167
2470
11685
12376
15896
9592
18770
16339
12870
19546
12871
13351
10435
16615
19845
8626
1008
6639
17820
5741
2080
6051
19210
1548
12281
17406
23
11823
14316
19082
845
18835
1552
12530
7564
13800
18475
6334
10140
11345
2233
19363
4696
12668
15978
893
17646
13338
3884
15466
15432
5965
17870
14642
3865
10151
8401
3888
18326
19069
2970
19171
17904
875
8054
5468
14675
6529
8155
1167
14226
6740
16883
15274
15760
12861
16167
13407
2552
51
5225
14336
6016
19447
5330
9882
5950
10083
10122
4276
9152
13093
19800
3409
10320
7854
5229
4995
10735
9736
2515
4961
12828
19398
235
8589
8611
16402
18348
7515
12805
19925
1851
15174
19373
7182
1408
1675
17265
11530
5952
2770
975
5752
2531
11295
9958
7760
12643
693
13849
11510
2006
6677
10908
2241
11618
15871
14995
6318
3387
4152
6244
5238
19326
1969
8772
734
3644
2390
8617
9596
5160
9592
11700
4043
17240
18010
11803
9883
18703
2004
1393
709
5034
8653
19302
16652
4524
14297
2971
7911
14802
5567
9502
14128
7536
14626
11215
11180
17016
19832
17129
18528
5776
8829
2571
3016
3192
10727
9251
1895
12731
10644
18957
17765
19297
18259
10770
174
8909
10093
4437
3711
15660
13939
14191
3196
4918
5406
14376
1934
1590
7857
16815
3719
13039
19386
6735
16231
10113
15987
18126
19197
2983
13435
13314
18633
8047
4084
18807
16956
14177
19596
17019
9837
9888
11210
9385
14806
12969
114
16740
10911
7971
9907
14630
1010
9294
1366
17241
15759
13705
11720
11308
13040
5155
4623
8025
13202
8707
3184
6510
19237
2781
19881
9074
12669
11092
14812
7475
413
14926
567
11324
19249
10475
5955
260
16121
3673
13853
11880
13730
5573
3189
3122
7081
4164
11148
16635
12871
14332
3146
12108
17113
3027
17535
6134
10471
8699
13609
7236
3625
10529
18561
19226
1004
868
19486
17125
893
9692
5357
14623
15265
4898
14097
18698
9062
5245
15334
18286
19578
18480
6746
13043
17859
633
19178
4683
9332
9139
11919
9309
19668
6832
4888
17024
4052
4374
10501
4945
14066
15859
15920
5684
17109
10018
4382
2524
11615
19716
17162
7545
14548
3908
589
8760
894
16119
13443
6578
1610
1714
12240
1279
8547
17128
18303
8951
17854
8805
13897
11921
1016
6169
13957
14477
16187
18339
17001
4155
14408
14163
11700
5308
14424
12289
14068
15318
4760
7511
18248
6371
5578
10488
4002
10477
7616
18657
19428
1823
7462
13325
13744
4830
19495
4053
19308
12034
18744
16309
16189
13152
6825
4242
18461
1249
16531
8881
12919
17644
12745
11167
367
18323
18008
4369
8800
5624
3026
8228
3799
6841
17906
13895
11671
13753
17948
10979
5787
16693
3641
18329
6197
6818
2571
4658
8067
15454
9892
17338
9450
2637
8505
9817
960
6513
14186
6112
8490
17213
14340
12289
4054
12246
6185
12077
5999
4133
19409
8139
17178
19402
2820
3376
6220
1743
4386
14287
13549
14278
7977
3000
16915
16482
9169
14227
19348
3356
339
4190
16921
14680
16479
17327
3278
19016
9404
5630
19502
5165
13769
16680
4567
12941
16408
10787
11036
795
1426
4585
11425
9403
3937
8341
2238
13107
18920
1586
12815
19260
5776
6088
10292
18607
19767
9922
17624
9171
15552
13478
14337
5673
6510
15256
18614
2919
6044
6002
66
7470
10588
11491
13226
10877
16184
15464
336
11457
17050
9503
10717
19178
15591
17361
14137
15358
7283
8113
882
2836
1591
11571
8509
4454
6827
3476
7373
9223
9478
3791
16694
16418
11634
6272
3648
7819
1736
3984
19276
15138
9840
6345
10668
5431
3706
4805
17142
10989
12919
14376
10177
10862
5947
15039
15316
9126
14867
2689
18350
697
2832
11396
13468
14467
17668
17116
2286
15756
17452
17914
10894
7292
611
1562
9076
4317
2719
6218
11658
15638
594
18188
6501
2893
13227
1817
12019
4446
859
6721
5143
3691
18117
18611
18158
12137
12079
16796
7893
9532
11062
18787
13176
11673
16701
2252
12342
19421
4822
353
11411
5416
14893
17912
4661
4472
16082
13033
8918
16941
19754
14061
16984
14224
9025
11495
2713
1104
4643
10607
6988
12058
5746
165
3731
18800
2417
12426
18221
7240
9131
9632
9008
4024
3897
10022
8496
16331
3055
13766
9624
19161
4179
6608
9737
13204
14455
12451
10661
19099
3058
17649
11157
8804
14166
11240
3956
16584
18
2177
176
9149
8162
9184
9525
8411
19206
14373
4742
18613
8139
14366
17775
8671
17326
7512
18227
11782
19963
8888
10881
19373
2890
18390
4530
17056
9630
8486
9992
9649
7016
10168
15150
15178
15705
1028
19941
11263
15401
4683
9877
19893
15401
4004
8564
12727
7868
6791
4509
7832
12032
11742
3557
14922
10132
8087
8330
16115
12926
18323
2116
19942
4843
17266
11472
548
14646
7765
11812
10048
12448
1689
6293
4201
2045
14857
16928
9913
18000
17790
14097
10032
9532
17655
1306
16017
2094
9637
8484
11372
4312
10600
11314
9155
4218
19138
9704
18865
6903
17868
8913
15703
15909
15206
19904
17954
6415
13185
7867
4415
10975
1965
10800
16859
15972
12106
9228
14418
18095
17712
5791
2407
8312
17105
11563
8883
12596
17619
7748
19499
15487
13013
15203
11396
4571
11459
5702
10986
4644
13569
11753
11971
11886
2553
8831
7858
14660
14411
2277
12755
12124
4420
11515
16788
1525
19430
5671
14121
17049
9771
9973
8888
2784
5176
16636
7355
16635
2338
14693
17632
15907
2799
9603
4146
5352
14786
8356
16364
9198
10633
5472
17674
15053
16987
10814
12931
12769
16486
3404
9818
6257
13377
15058
5394
14905
11694
9101
7893
10384
3795
5525
6291
6594
15128
6789
8298
9915
15146
4663
15465
2131
6487
13139
13537
19826
3953
6468
12595
16791
6224
18765
19401
15954
13823
4795
10859
1869
13896
18752
12253
17691
629
14896
637
15758
1686
8936
2025
16832
9951
17490
18963
16438
6981
12500
16264
10934
15320
8859
4078
1545
3976
3479
17499
17799
8274
4710
19668
2170
19815
11921
16214
444
3169
13203
12554
4855
18491
14579
1687
8442
8421
17003
1232
11754
9503
17496
2689
4824
2707
3119
2721
6683
6598
220
834
14872
1282
16854
13394
1097
5127
5960
1542
8297
15516
10448
13152
14007
1380
11192
2450
9801
8195
34
17908
17698
13883
597
18874
16590
3716
17947
19626
6666
14519
16812
1538
15802
13667
11284
16899
18794
13597
14793
7091
9113
5242
16596
3120
6622
7788
1922
12775
15983
1957
10683
10033
15840
7632
8908
8782
7700
6855
8408
14366
1375
1573
12256
13529
15240
19893
10428
10386
13490
1574
17478
2603
6816
14074
5723
9790
18214
7646
18917
14197
5955
5953
4230
1795
9937
9490
10577
13990
12698
15338
4708
10425
16911
13317
3954
8503
13210
10734
18889
6700
12308
12719
5655
15476
3145
7730
1618
1359
11728
16888
15556
17683
19193
16139
19478
5482
1981
6408
19472
11031
1746
4181
1456
15009
13850
1762
3512
7060
8849
2401
10112
17509
11473
15767
9338
14618
3497
10956
15978
15226
4196
7886
12909
19741
4025
8740
5224
2359
15148
4696
13390
13246
5229
11199
8255
19079
12961
8119
2491
1810
6872
12603
19320
18345
8370
5010
12964
8220
15966
5294
19798
16515
13180
9059
16256
13558
17799
1480
12269
9299
2529
5659
18897
7758
16858
3504
3190
6172
11623
5681
4334
18496
18285
3654
13193
3007
8664
2509
7579
983
7803
7377
13850
17336
12789
10106
7246
6940
7939
19515
16240
10468
1526
11489
14578
18385
14994
17768
4557
6617
19802
8891
1465
18087
8898
11011
17446
13914
13520
5026
11249
17676
8755
5099
15012
1544
11558
18610
8485
15849
18125
1077
6317
19651
12566
17247
14388
3912
15016
15297
10530
14818
4189
8347
9257
9439
19358
6703
19705
9231
8081
10955
6907
13189
12406
18271
14733
316
16881
19570
16165
11358
16999
18834
7361
9566
16082
1750
13478
7450
17047
360
2268
17588
5060
7877
3379
4418
10932
3085
10001
19014
10392
16908
12203
19150
15179
3288
19467
8412
2859
11984
19770
19858
10819
3484
5776
6901
1586
15607
14351
18633
12319
12971
12574
17379
848
15953
18150
11780
15390
8151
7146
5782
5060
15701
4933
16591
18990
752
1356
18201
12736
17478
14411
3555
962
16540
6808
2548
12147
1159
17534
818
10482
10108
18198
7682
2413
12700
15815
14156
851
2961
19938
2263
15015
1223
15207
10357
1975
16563
4910
14712
14041
19321
14619
11356
12213
1428
13904
712
18939
11438
1531
9422
17898
16081
13456
16664
8781
9271
10820
5984
8585
7110
8248
3600
8334
19807
13957
6661
16370
18867
17725
6763
14540
12345
18119
3106
13773
8376
3818
9064
16166
5349
18486
14065
1430
8295
7081
6563
17566
14253
12548
2503
17715
17148
6103
2401
16955
16412
9063
13325
11631
6788
88
2524
19133
14560
5630
9258
2936
9448
18323
19102
11150
13161
9519
8932
1456
12952
11848
15375
7205
4396
17878
4921
1544
334
7322
18499
13098
12737
8176
1082
15878
4616
19958
15011
19176
5588
622
2112
11388
15297
17567
18890
8458
7086
4175
6267
16391
16023
17994
3596
419
15872
4869
18315
12558
8544
16814
2009
1281
1342
3091
17159
5958
19401
8523
5135
4989
5497
3599
12729
794
17518
7972
9252
957
12147
11871
17348
8170
9865
944
4941
2090
2166
19608
11000
10710
16422
13009
8343
14116
12452
1855
74
11853
6730
1561
13194
12227
5161
5924
9373
19031
10248
14977
19988
2395
6849
17336
6917
13066
14633
8210
15156
16799
7818
6157
3861
592
19166
8556
14708
7971
10411
14782
19824
13493
16344
13019
2072
17857
15295
11445
16888
5543
2775
16877
4290
9624
14213
7559
2690
8846
15769
14199
1997
3587
356
5858
4179
15874
14415
18887
3845
1178
13669
3670
11024
6365
13041
13096
4222
4688
894
17463
6583
3669
14340
10873
13293
4905
18432
12335
10104
14201
6534
12101
14140
3242
14312
18319
19117
5079
17206
2962
6257
7227
2984
17281
13593
12377
6730
14167
17065
7624
11630
0
11293
5970
10873
938
7228
5657
9625
17332
16210
12512
5785
10350
15754
97
5021
11223
5176
2227
14186
7786
9455
13522
1419
19400
2252
8149
13567
19317
12125
5198
19318
19770
7520
6543
708
14748
8553
6686
12080
1115
19198
14218
7818
11304
14315
12839
2528
15844
11419
13066
3630
17226
6588
5049
16626
8840
9551
6545
4510
1676
11743
180
1447
19264
3075
18507
10364
7980
1545
18797
9096
743
13015
13266
12048
7330
6105
10928
3174
13876
3994
3156
11102
10582
8206
4080
15775
14109
10626
16637
15785
18721
16817
13584
17985
16244
8444
4702
4225
9989
3499
9673
7085
16514
2939
15485
3844
5396
6413
3371
19273
10407
6527
6727
17341
11085
7160
9468
5194
17786
6105
17332
16507
19274
7268
10845
11871
15712
15547
16096
2054
19046
2121
9139
15560
5060
976
15756
6808
7389
15479
2433
14148
18359
9161
7841
9444
12673
17310
10991
10459
19767
4675
3318
15394
11943
14163
3617
4008
6062
19713
6062
5108
18186
11553
17020
3246
12529
9129
10054
16270
4608
8840
10418
2967
14353
14611
8764
7026
11921
19755
17485
8041
4430
803
19787
12725
11319
3404
16733
17381
19469
19147
18842
17655
10700
15862
17253
19581
1343
3659
15851
5952
12499
2621
5271
6852
17233
10387
13878
5506
6494
7715
9899
10924
4871
9686
2
16190
9442
13087
9923
8911
12235
8765
6566
19287
4628
171
18869
2323
3831
11072
4627
16330
13694
9899
19535
7279
16638
13413
9137
3133
17481
19037
10409
2352
5075
10411
14894
14518
3499
4817
3429
12086
13583
6348
11373
14563
2871
6594
16886
6702
17667
17866
19385
7713
4117
18920
11344
755
8685
481
3888
6166
15870
14298
4870
946
4709
19764
15464
4560
934
15245
12998
10869
17945
4372
5432
817
7318
18670
7519
1337
16536
6904
5402
653
5824
16746
17761
10862
13580
1649
17028
9450
15947
18251
10396
17009
14367
2212
17921
15301
17458
10920
6170
11755
11644
7954
12572
18962
2977
16444
16652
15865
3348
2054
12871
5525
15153
10632
16387
8733
12281
9767
14535
4581
4370
1284
17942
18738
3496
15863
14039
17306
3135
16562
9062
11131
868
17986
6446
3845
14430
3098
16063
17779
1504
8934
19656
16657
15918
12395
1742
4551
18514
16278
9132
2885
17562
3426
1623
17410
15642
12014
14717
18777
4928
131
6261
5797
18117
12707
9642
12548
15805
2057
6679
13661
10991
2687
10319
3261
15082
12061
7813
13596
4691
13297
16481
2253
16724
14456
16016
8718
6471
7085
3847
11399
7216
10108
13548
1685
2815
19543
10585
14972
1600
13616
8634
8944
16303
15305
12205
11385
7366
16370
1334
12058
9668
14167
10663
2744
8624
6679
11462
11447
13764
15309
19198
17332
5418
12747
19018
4585
8642
9603
15910
10242
3220
896
19186
15875
16201
7744
7261
3567
4114
4947
11977
13782
19114
2641
12878
7738
5672
4340
15537
19437
16002
11088
16769
17772
187
12139
18709
8829
18095
14619
19071
17667
15515
14610
13542
11716
2354
17155
11636
6468
2102
3613
16603
1217
2606
5833
5307
8279
6526
17197
4068
2528
8285
17189
16652
8472
9329
15361
13653
3776
6333
12724
1443
1848
7334
11337
9917
6040
8493
17905
12509
6947
17870
5464
8164
477
11297
9824
5108
17823
7021
9176
16703
11658
2717
13355
16482
12046
5069
10135
15822
11402
2859
13617
9602
6546
4955
15871
12586
9800
13776
1447
16747
7999
3263
4912
8476
10913
11088
9936
5088
14461
15464
1792
6119
18181
11499
18953
6580
12920
9088
18754
674
8299
12372
10277
11197
13679
2500
136
3479
12629
17935
226
628
1199
1490
5456
8464
8930
15392
13552
3391
7208
11696
5862
5389
19548
4815
11969
12468
10255
7076
13143
18555
19448
19772
6104
9479
2272
6240
9310
11253
4176
5888
11881
1727
3731
13689
6543
12661
9081
95
12405
16289
8144
18267
18031
7692
19435
6352
160
9690
13428
13303
4597
9228
9427
10702
18707
11700
16942
4369
19305
17470
10258
11187
15549
13989
4876
2092
6650
10310
2188
19055
2951
10332
13675
982
18024
13110
3687
14536
2800
17115
4192
3750
2696
13619
14452
17755
1671
7746
2125
977
5217
12383
8516
766
6372
13392
2859
9374
54
1399
4782
3006
8083
18457
340
2459
7919
4027
16995
7071
17495
1187
10821
16543
11159
5273
14298
12830
13020
16423
10159
14589
8806
18675
11707
15178
12068
14566
905
8474
12317
5687
11480
400
4144
8173
2859
12063
8552
16207
19134
2399
13746
9956
18942
1257
11581
13241
14088
953
9664
4247
15542
14823
2923
7250
6353
11343
18168
7258
19817
10486
12945
7650
7238
13441
15823
6450
5504
4375
19009
991
6775
12755
7299
5717
14013
15232
15310
4453
16186
4975
5052
8080
19798
4327
15330
2503
15670
9851
9762
11840
16689
2707
19490
3927
16149
11665
6729
18005
12392
5738
15348
15519
14846
18999
1237
5211
14232
12899
6016
6770
14226
11068
14850
10376
15396
6533
12880
7418
16384
2642
15610
13073
1701
11452
13352
14202
3117
16434
12208
15510
2172
3908
11029
13370
2908
8618
14933
13492
1518
949
262
15744
12018
15112
6121
3766
1645
15353
7536
14381
17995
3147
7454
19696
14599
17159
13899
17717
13593
2459
9579
12117
2719
608
1840
5627
5579
16773
15471
3449
17723
15733
15545
6093
10846
18018
6211
12491
13371
13747
3225
11366
13246
7031
7415
7846
4190
17666
1915
14135
16477
11494
2605
19196
8454
797
1176
10385
17570
16647
13834
11645
12381
9380
17738
3227
7398
301
12070
17122
14049
11647
4840
7295
18679
12255
11493
2869
9921
13408
13357
6398
1254
12314
5595
6061
13111
3123
16446
10681
19770
6633
18679
12151
12365
16417
11730
16115
13071
153
13237
7120
11800
18078
10767
6831
10333
18613
9701
16607
12021
19410
19357
9628
11724
1304
15689
4835
4427
8487
11868
4198
11472
10547
12701
3837
3317
784
19953
16388
17289
9542
19860
5441
7620
6979
12273
14306
5592
18326
7265
17614
14088
6622
3594
5812
7927
15635
6999
12354
4122
18867
12904
11947
5767
1958
15784
9084
19094
15737
5472
12735
5280
1684
14528
9252
8663
3153
3558
14256
1479
10823
8222
15567
13798
11816
17731
1725
7451
4730
10431
7925
19950
19688
19872
5717
17998
12009
14801
13444
4098
16625
6179
5730
18309
17059
14983
3324
213
14893
17580
18044
2069
2154
9964
15867
13970
7695
13944
17773
8778
4375
2051
8728
415
18275
10797
18413
10284
5598
8209
14383
18575
10740
113
13236
7800
11448
16560
8013
6342
10493
2409
4763
12647
12373
630
6618
69
14574
743
5199
15301
19146
13927
12069
17422
4724
6834
4058
6674
15044
14793
1601
5784
11259
14837
13584
2707
7749
17949
5401
18242
359
10164
10890
9084
7146
13860
9153
18072
14603
10704
13374
13750
4631
1795
7524
5707
8629
7934
8733
3673
2728
6686
5810
13987
1523
15746
13046
9273
10048
18448
7515
6759
4964
14757
15843
12111
8617
1349
10183
19573
12053
19909
13323
13037
1704
17199
18744
6686
5133
3830
6711
4213
10516
12521
18200
8392
4620
11247
17665
14668
6047
1532
1427
11011
12642
17270
3122
1259
18619
9658
832
10673
9567
10507
3710
7624
4058
18806
14310
9192
18988
1021
13405
9505
9895
7958
14249
14515
15557
8266
9183
1604
9798
6962
8967
2440
4232
12090
52
19204
18100
884
6229
4019
7744
6291
11643
11802
1449
2305
994
438
19679
10752
6295
9574
18710
544
441
10619
5162
9624
12223
14960
12938
1190
13753
17170
9632
10157
12726
7732
11041
15307
8104
18785
17950
16099
10588
19400
18405
7934
16190
18084
15038
18837
4010
10100
15733
4451
719
895
10427
12942
12207
3365
10485
2312
16887
117
12469
5966
4202
3511
1273
8658
18648
19224
4757
5588
14976
3162
9875
11166
17598
4913
10003
17960
15014
2088
18763
15733
2983
9190
5028
15190
8907
15513
17503
2147
11982
9972
8113
12536
9835
5738
1194
4836
4962
5952
10424
16290
5466
299
7456
19417
5213
13811
17377
16579
15899
16141
12312
15234
1683
17340
10425
6943
9205
4280
9090
1188
10604
17203
10076
440
19293
11271
5276
4256
13575
12052
546
19041
12352
4355
14810
13917
14518
12188
10496
6770
4681
19160
2004
2716
16501
8781
9659
2058
9413
15101
3246
18
8656
9675
16810
7950
946
18438
8558
10873
10490
5456
6266
19194
9811
1077
9463
4330
9617
19959
11100
14298
19120
9456
13366
11973
18238
19378
14031
7651
14479
13630
7669
19488
3305
831
7438
603
19269
12348
11476
6112
17804
17742
5306
7616
18819
14770
8298
8436
11081
15750
19086
10201
5206
8805
18526
19796
8183
8910
7448
19014
18892
11469
18502
2197
8653
2292
19152
7922
14640
10628
14034
12445
4722
15693
16413
19894
6815
1063
4682
17896
16813
3769
4450
18371
8926
2976
18168
17109
8238
1968
12475
7130
9789
7330
5679
18442
9622
4831
2717
615
11811
13103
9412
12886
8796
5825
12780
15611
6888
17462
9860
53
17583
14310
18424
6509
13638
12944
19970
1877
14912
12446
5359
4702
19776
11039
19496
5750
12222
18565
2717
4034
11669
12129
13272
16817
17954
6052
12429
1194
19866
18641
1247
17450
12951
19672
311
6589
12616
282
4818
3881
9080
10178
4935
5208
1217
783
10958
9791
19349
10028
10177
11018
2157
3449
7835
112
9501
16616
17658
9368
15257
18906
3170
8208
14930
3481
11150
3898
3763
15968
4131
9195
2498
9066
14403
67
9850
1714
9859
9199
11742
36
16569
13899
3486
756
10363
9339
17373
8022
18707
12630
3280
18229
17191
14562
1711
4693
18460
1826
17013
2592
11022
19512
8010
1777
19579
14212
3491
9438
19763
11585
5827
16332
5485
9313
17089
12200
18652
10814
222
13712
19796
19854
11941
13339
14416
10004
18032
9229
8183
15046
8173
15557
10910
16183
17334
10489
6748
17178
16280
6511
8763
2107
19196
14248
11420
12637
6449
6424
3451
3023
136
3247
2878
8430
16587
13646
14786
10971
2875
2969
6017
11048
18526
16927
3584
15861
3769
10332
13039
16401
13195
18154
18508
12391
12403
6280
5028
15204
12704
4831
14579
9193
4431
13809
13975
17370
7456
8761
8341
6683
11731
10711
14084
10257
3990
14020
2470
7759
4352
11861
4160
13899
10016
19020
6291
18771
5300
7671
13975
14357
8855
4906
19902
13286
18716
10229
10656
2524
18990
15349
9207
7073
6060
3291
13683
10051
17311
16153
14162
18015
4367
14675
8267
14383
13695
10910
13154
15348
18581
3481
9705
3788
8387
5959
17074
7103
16188
4082
9627
11530
19432
15187
18604
5492
14830
12287
11895
8494
4792
6058
2861
9159
733
11128
3542
14428
2038
13048
6128
16972
16529
15833
760
1269
18144
14187
4724
10684
18269
14352
2215
17701
5891
819
19546
721
9458
11441
9215
14250
17499
12077
3410
14584
3205
3304
5365
5244
12705
11493
18568
9234
3679
19328
6855
1823
13515
11580
12508
11785
2284
11075
5838
8175
8246
1736
5248
17704
13178
14464
8306
7029
2893
8068
1614
6098
7725
3331
7694
430
14824
2614
9664
18503
1943
12872
16679
11810
4452
9187
3595
6736
16614
5786
11263
4860
7522
16511
2564
17052
7327
7222
434
10220
15291
18400
12671
3016
1731
16717
3446
16555
19332
9462
11411
1275
2334
8090
13085
3138
13629
13033
6226
10243
15171
17489
15103
19045
14001
14019
12450
17680
1241
12884
7901
12884
11284
572
12252
13015
13641
12050
5922
12973
1513
17333
10600
199
5423
38
19690
19052
9423
5916
5647
4594
3406
750
19991
13759
11121
12441
11439
8715
5325
15692
17951
16609
16264
10204
5976
9906
2254
11899
19231
119
9232
9832
319
11008
9870
9
10060
19293
2277
15708
239
5683
12810
230
15794
284
12672
3586
8999
14349
19278
6950
10959
11895
13506
13287
18153
15761
5186
17384
15880
10771
7216
12551
1779
13438
8912
8191
9083
11190
251
9322
13225
13062
9553
9020
9698
18577
8958
18697
12926
8236
1999
237
131
15506
13525
18284
11267
18711
12021
3499
9482
15589
12403
11261
9028
17667
19453
18111
5209
16056
3786
18435
9118
13339
3807
15168
8268
12765
13865
1194
17353
12217
17784
17485
7723
11309
12121
15342
10020
4142
15193
15855
19732
7596
3468
5112
5264
19273
19575
10473
15330
3361
5260
800
13052
5419
15969
1320
18184
6186
18867
15538
18403
16651
9375
6126
7960
1496
17820
14332
1991
13014
6539
18075
16962
10008
3187
2226
5633
2762
9052
963
6124
10664
18116
19176
16084
14085
16849
10620
16623
15716
2510
15027
12367
11885
17505
16679
9734
15326
11011
11725
4692
13903
9800
1654
263
9339
233
5896
12101
5637
3212
14577
16301
1328
10106
8737
11765
6955
19358
8388
2671
1868
3415
11390
10106
17273
8069
19840
8951
15432
7917
13643
9335
14069
11649
9598
19760
11882
15495
8213
13871
15059
2791
10173
16387
12897
15262
4504
16204
14620
12892
18875
12841
12660
10265
2947
6285
14686
19139
15236
10118
3408
5231
19454
13829
16880
5404
13589
5115
899
1802
18986
12310
945
5511
8697
10194
774
13201
6398
11746
2446
1625
4587
11458
8242
3886
17743
2928
3025
12979
13047
2785
18210
8853
16614
11442
14257
6555
16557
11509
4710
11896
3819
2007
13759
8869
12202
10885
18422
14952
2632
17220
16578
3571
8678
4820
7458
6421
7749
6835
15752
17148
5973
10314
2353
18939
1757
12962
5495
14666
823
6557
2914
4643
8564
13026
9864
17118
3911
4638
12071
2895
1859
5001
6467
10537
9821
10277
13311
13922
13464
5415
7422
19437
15730
9775
18377
13839
19090
224
4857
19913
6781
7772
908
11697
17150
10772
5168
1061
15411
13591
309
13622
18592
3128
4159
4765
13405
13822
15040
6869
19238
2462
2659
11320
8590
1036
5159
7680
1260
10016
7593
4393
14140
8502
12442
11290
15626
17610
8704
7389
11201
5365
1011
6145
8493
1523
10911
1898
15345
5951
5119
10935
4765
7778
2255
13355
5166
7414
1035
2778
13783
4981
3523
4275
9835
15966
11918
5461
9928
622
12851
17482
5987
13862
3627
10832
11737
14538
9082
7083
16841
14201
14370
1607
18332
16626
14962
3498
392
12350
2629
10527
13683
6152
14803
3518
2118
3073
8979
12047
47
1830
5881
2386
12045
9508
13218
3782
399
2300
7217
17240
16501
1588
18847
11185
14566
10162
11036
11310
18864
13665
1838
8899
16169
12993
12417
18288
16066
1396
6687
16113
19579
12568
18499
7976
18428
8069
8110
18827
10369
11680
16068
3222
13268
11267
14408
4186
17781
1796
15496
12997
11813
13686
1896
7982
3031
14313
2622
19097
12062
9309
11562
7993
18229
6413
12321
16658
14482
431
11837
1203
12111
7905
4426
1731
15525
15186
2269
9658
16982
17766
2656
8795
7804
904
13129
10836
11570
15752
6285
3632
1413
14200
7977
19643
16965
298
12653
11448
17081
4490
9003
5545
8748
13429
7276
4273
4967
9546
10283
18301
3664
9291
3448
7820
10196
16578
18656
1766
12330
1294
1750
13743
15494
9727
9738
12459
6377
18743
259
19810
3234
9263
5355
11982
19044
8984
12607
364
14882
19242
18665
14898
8534
2114
2718
18730
15044
17727
496
3726
19021
18598
13821
10867
4677
3560
3326
11054
2303
19938
7216
1889
5553
12572
10223
949
17908
19182
1313
12790
18425
16331
7688
6959
14797
6758
2041
9841
4485
2537
13567
19858
17487
7388
10725
2164
7300
14052
9570
5956
10342
16786
7845
15895
9358
18069
16844
7266
13603
18158
16408
12028
10841
448
18987
5638
7207
1028
15479
8044
19917
5398
7903
13756
9138
18628
15920
16439
12680
5490
18747
3022
2277
6592
15269
7987
1013
12114
15254
14617
6624
8014
2997
17465
8463
1985
3103
15670
19365
14934
3714
15635
16684
11617
9391
5822
6598
1664
18613
19278
7154
17360
18653
5783
305
13922
13771
17670
2388
5377
12287
9012
13391
15285
2829
1854
13622
2284
13876
9339
17218
13943
1326
13902
1912
7070
16077
8510
8734
14690
4141
12240
8403
19146
18024
5060
13068
8147
2730
11809
13524
11370
821
6915
3007
3
5122
16629
2287
15350
2320
19506
9293
3647
9760
11206
7069
5837
16068
12155
16880
209
747
1635
15707
18771
6695
8776
3270
9425
16937
16794
795
17758
62
154
17761
1536
16783
16401
16886
15456
15907
6180
15455
2019
13738
2524
4209
6158
11031
1089
2720
11778
19076
18427
6902
5771
3555
10172
11548
492
3319
8696
14603
3381
8850
12364
4917
1986
5117
18155
17442
1024
4335
12897
19396
14425
11773
3605
16936
2804
1046
19656
14582
122
18083
1484
2245
1639
8009
13793
18483
11328
18841
13086
14709
7692
1803
15978
6030
6920
14133
3472
4297
14821
12721
3693
5598
846
7298
2534
3650
8344
2190
14584
4818
16626
12421
7063
14617
430
17208
13100
11758
16050
2539
2819
3742
4342
15149
9772
11262
5634
9596
15559
455
18669
19252
2406
19515
2902
4940
3165
7598
3483
14101
12416
16461
6522
19479
11078
3304
13040
530
11414
9090
3069
10585
9184
7411
5734
15308
15026
11369
4904
10585
8176
19925
6190
10582
19440
5444
15523
18957
13043
15358
13058
5459
11819
15933
1291
19249
19237
14331
19779
7004
19773
2849
17589
8957
6612
3324
617
1638
11045
1873
8576
19221
1798
11118
9804
1238
16562
1679
195
9605
17037
13253
11417
5208
5538
12708
4457
1128
3391
4236
8132
19516
3437
5721
8473
6402
5397
9090
8040
16442
7315
12968
15664
9113
4086
1820
10351
649
3499
10546
10254
536
151
18023
5744
5690
10731
6553
6818
10474
10789
11302
9990
10579
17023
14815
16981
18773
257
1373
15215
7572
14342
7231
16685
14780
9051
3388
15429
12550
10286
2036
9438
10438
59
11534
12480
7143
18087
19298
13969
5229
10600
312
15808
3975
11479
9141
2748
11737
10514
14316
15661
1208
1547
8699
15989
10599
12087
7770
19501
2374
6158
8940
9164
2570
16826
1644
6065
11266
17294
16386
16495
4246
16698
8655
8221
8178
14148
7322
16267
4662
1638
8280
2223
19537
13331
14564
10136
1771
18686
5990
497
1197
11282
9661
3767
8108
7657
6184
19374
4951
2570
12221
9197
19269
17228
13770
3799
11376
17444
16418
12391
19082
1050
14614
14972
14382
5530
5108
16153
4216
7450
16650
1765
18732
2663
5532
3193
10320
11716
2567
11623
10639
11141
17172
9908
8369
7294
10059
19746
4739
2829
12137
173
3879
3103
15145
18261
4985
16606
10766
5553
4056
7416
7319
2789
6431
9203
5982
16751
920
4901
4726
7911
12394
1898
17819
764
9193
4230
16862
10284
7059
5351
10457
10938
8454
5603
5552
9791
2209
16318
15344
2617
3735
2663
1758
6518
11867
7740
19622
9139
8994
4348
17050
1388
2599
11221
18504
8144
15451
15366
18428
18862
17069
8885
9800
1875
10840
15352
11666
9401
11671
7011
12019
11758
9674
13777
18276
17893
17870
17898
7032
3216
18599
434
4604
1198
11655
19461
9342
3458
11179
4122
2320
8249
13007
12121
10124
200
3825
1791
9601
15496
8802
17972
3606
14828
8102
1883
12722
5972
16133
16106
5540
11084
16541
6496
8634
4548
5957
17976
8007
17137
18450
10327
5386
7810
2448
11862
8010
2626
13653
13963
18122
18807
8288
18081
9988
16390
16316
19062
18714
12449
15168
4254
19886
8061
10750
8520
12610
13060
2849
16969
10197
1299
7296
11935
9109
6097
3797
13471
8723
13803
7435
3197
12610
15723
1278
18950
12113
17594
18012
7179
6396
9533
11433
6282
17594
18535
14802
6556
11595
14003
3525
18144
15303
10822
6431
4412
13271
10229
14236
1994
384
1671
5191
9346
13746
2822
8297
2211
416
6309
9390
3164
15842
823
9446
9789
15710
601
16345
7306
14604
16223
1802
6259
3397
8234
7024
16668
14815
1260
15014
15199
19283
16557
897
13029
19379
9194
15240
16148
11856
4630
19312
4050
1805
5111
10191
17515
2064
6537
1173
13020
19112
19328
19280
2509
7562
2656
15529
18729
3916
10543
10280
3199
3452
11177
16228
2832
16724
11468
15332
8580
12450
14644
8982
14255
16107
19174
8122
18171
2063
5648
11192
1175
4976
10472
36
8890
13128
11917
7619
13396
18812
17899
16595
2264
9076
9175
1448
2152
16995
16780
10732
9445
7777
16067
52
3884
15241
8174
2056
13656
10174
13248
14831
15150
72
11219
392
9552
3136
8011
2948
1948
5910
15895
4212
11339
5070
5661
13491
18417
18793
576
7862
6570
12995
4266
10455
8236
12440
12511
1892
18967
2111
13075
10469
2183
646
10862
11735
134
18873
11035
2082
1136
6930
2646
8827
12000
4659
2318
6769
3453
19246
14631
6375
12241
18897
16830
16829
7689
5693
15073
6656
7804
4500
17126
9987
5146
7988
18074
5280
3213
9109
3714
4349
16039
6361
13176
4391
7372
11847
11160
7177
7445
2143
13553
19687
1040
6735
12868
5082
12429
7942
8090
233
12442
1568
6573
17589
5908
4647
19221
9122
13757
2936
9823
6148
5649
19352
6892
9373
7551
18052
16551
14996
16548
6456
11035
13940
13191
3904
19022
5620
8198
3465
2206
640
5033
8779
14581
10942
9778
13803
16416
19887
13091
2591
6036
15092
1943
9280
4465
9494
7332
1016
4491
3880
3824
11878
14173
17016
15782
13195
18988
332
16660
17546
973
18046
6325
11906
8988
16104
2061
1756
12343
15152
4347
18379
10244
6291
7659
11062
12137
11344
12078
12980
11576
12255
4859
5749
5623
16993
15297
4611
17326
8309
2158
14651
6355
4835
6557
11695
17291
8619
13451
9635
123
14151
4366
6720
442
8378
17782
8931
16074
6212
1912
4002
18467
3123
6104
442
116
1401
5054
17442
9710
3564
12093
12418
4751
15003
4113
2043
19974
13917
8030
16449
8068
12396
3169
4862
17126
17303
13793
13200
19868
12057
17203
14687
15180
3307
15130
15297
1060
16536
9091
7122
100
17537
19540
1203
12540
6
3246
8866
13923
11276
5315
18343
25
4837
19557
17151
18492
13350
6704
18360
1760
259
9400
16940
3566
882
8589
978
17418
14033
8100
13870
11570
7641
15073
462
7647
18320
5680
17922
5948
10995
16265
2325
12184
12174
15829
10677
5524
2533
5389
3636
2792
11141
16929
2710
12023
1870
3688
9441
15903
11788
3311
3825
15781
14737
639
19780
9409
6319
14054
15357
13667
6671
14035
2203
18845
9864
12880
722
12397
14622
4358
15189
5763
1287
14251
14139
19510
14291
3580
15413
6079
3244
15591
18213
17981
16230
14345
7390
18902
8400
19099
8921
11423
13134
11124
10269
19350
357
10991
11747
14979
11701
3288
17094
9341
17539
11233
8851
11830
11166
4264
14262
10762
16207
