1000
17750
13734
14155
16297
1250
9006
17588
7117
3866
14918
4703
18455
6825
9494
14819
224
1635
8534
7732
13232
12961
14328
9038
1650
13509
16830
7840
10620
15772
4846
3285
13523
18580
13793
6172
19830
19151
3760
3299
19369
15030
8002
17824
1856
13848
8996
2080
15484
17530
9812
5068
6843
493
10459
8494
10354
7289
12686
974
3062
17532
611
12937
16112
14404
19109
12294
13555
19221
11945
12925
14252
19947
7101
16108
10148
16097
14540
5632
9979
704
10700
16823
17549
1159
1669
7903
4801
14355
5229
4215
11888
5841
17152
4352
16597
12613
12999
6505
11834
4944
19430
6086
4892
2883
18546
11392
18981
13086
17024
5312
10143
4076
2135
7692
1588
156
15596
6389
14512
825
10604
2752
3018
4108
7104
19616
16721
103
6121
8555
1400
1903
10994
2644
1138
5892
14036
16471
15331
11060
1784
5474
11488
271
13166
13076
428
5114
15817
14940
2292
2773
17692
5310
6881
1148
1278
19954
17604
3751
4862
19004
5654
12208
1648
3145
18100
15684
19616
13431
3096
1400
15257
14584
1672
4776
4013
18452
9890
19830
13392
8534
2604
7436
10197
5837
8584
11475
2144
6188
11579
7006
5192
17233
19214
3192
378
17314
18876
16347
7098
1972
17747
18707
16557
15771
3483
570
14223
9726
16752
3967
18260
15708
11403
8457
1546
16340
16285
3690
18880
7864
7048
425
1449
6262
3617
18180
19928
2494
14527
3378
4466
8626
2086
17375
4398
1921
14297
18621
11647
11050
2589
6260
6758
10344
11069
4656
3036
3706
4698
1917
7922
11746
2342
9372
14360
2311
3904
10641
4805
14783
10371
5624
3409
8809
19351
7807
10731
13649
2781
18730
1051
1722
4990
4161
12066
12412
8818
15103
16118
9868
13372
4041
17967
12066
9765
8679
14377
13669
15672
15535
8452
6044
17511
8213
14853
16862
12373
1936
6863
15154
667
7914
13228
2009
8428
1646
14421
17246
13101
10540
3466
6473
10933
1433
18539
698
6465
12917
10719
2137
8452
15523
8181
5963
3736
19387
19177
16109
1323
6041
7615
18342
10307
843
352
15087
2490
14773
12333
15591
1665
12152
18417
12598
9937
16956
9648
16402
6225
367
18540
11029
15890
3073
13344
15979
2460
8874
12088
3784
11267
16056
2126
1574
16899
18830
16662
15741
13604
5347
7685
11621
13851
6102
572
3789
19410
10220
191
5636
6940
15083
13017
19182
18157
6362
15161
617
11588
7250
753
2855
19658
19232
4429
16557
18062
17443
8651
8018
19143
16336
15992
9346
18790
16564
13135
18200
6784
9679
188
10076
4762
13206
9259
2919
15920
4420
19889
7508
8022
16994
10363
7680
16226
11144
590
10641
4940
9241
15011
435
1929
11003
9781
719
7567
2917
15271
10704
12596
15460
780
13710
5018
6391
12982
938
10812
12871
4798
18834
9865
11513
2867
2444
2657
3457
9437
3949
9050
4448
4384
10979
11804
14166
8050
19371
13435
3321
6427
2383
15133
3560
16093
151
9951
9075
17441
763
18298
2239
15950
8164
13752
15169
6960
12762
18626
16397
16711
4028
845
17448
15007
12649
11614
19409
8373
1401
19082
11152
3784
14216
14712
16229
14367
4664
5305
11809
1779
19955
10400
14081
8119
4153
9250
15079
13267
4228
7828
6330
8256
8674
3778
19615
17675
11744
19024
2400
13145
14459
13553
13281
8675
8265
9511
3042
9281
11168
11203
7413
11123
17956
1494
15595
18461
7097
7026
11728
11325
14855
18058
19582
19881
1837
15549
13908
9933
10926
16309
3079
5385
6214
16360
14060
14479
5871
13454
113
13391
1010
7526
4515
18966
9020
16462
17427
16117
3488
9155
3795
14695
3565
19729
14576
1754
15278
8485
11688
6204
1146
14767
7941
7360
7479
2001
18191
9703
11808
18304
3094
9170
5830
3961
8136
11203
423
1915
3672
264
7422
7467
14959
10987
7196
5888
9094
18827
14373
782
5031
11871
11901
12973
15583
19380
11326
13774
5435
19486
12079
8530
8656
14261
8843
13144
1816
5619
15059
5489
2235
2481
12956
17194
9821
16505
3082
18915
15332
13807
19697
363
2030
7950
9688
17613
7330
17367
11388
9118
13205
19819
17648
1862
10432
2843
15006
12249
4814
6418
17738
7049
8899
10694
4244
15072
3551
3678
13987
18883
13838
10036
15599
15868
17986
1639
13482
5317
19006
4870
14435
12212
1041
8435
10426
11473
7630
1784
3722
12445
8202
1460
19494
13454
8507
90
8526
12058
121
2514
7294
13959
12550
2893
9827
6889
884
3309
8558
19891
4531
2993
8455
5572
7780
15233
13398
11762
17017
17120
4207
1572
14933
54
11378
19792
16496
16256
8202
16617
18770
15496
10576
7673
14741
404
14562
15626
65
3120
11869
4597
2465
16676
6521
6597
11909
19919
14711
5278
13392
15271
3202
8325
15325
14580
4469
8173
10837
12671
4791
5959
8168
15367
9984
19261
12123
898
14887
8541
370
3108
13138
19187
19784
16011
2136
8045
12283
16848
13324
5675
12119
12878
10352
3796
7459
14821
11969
14648
3844
16760
16959
8364
8480
6944
7626
16955
4194
18865
5496
4565
1974
14986
104
1758
10998
2241
6156
19633
19089
19480
1660
7560
12358
8364
11356
16169
19537
3325
7169
3381
86
4129
11746
4918
7425
15724
1873
11619
14589
7370
12536
12915
2356
12641
11026
9706
11234
17182
9339
10323
13014
10999
17883
5372
19363
5591
17894
18900
8916
5063
18634
5354
9192
10380
10272
16617
2456
12146
8237
17045
15868
17125
6313
18224
9766
17339
4283
17352
14521
13622
7675
7535
974
1910
9259
16689
7501
7153
15590
12770
8569
10576
18124
17761
956
8397
10731
3412
16895
15320
16809
12763
12445
3122
7339
18564
16813
11622
15916
7686
1597
19944
11573
2571
18206
833
19260
2060
4338
11202
14830
9259
1778
12954
7021
19086
17703
14104
18850
14598
9424
15660
3713
1869
15134
11053
16785
8300
2675
12702
15986
4272
8998
7560
3195
7204
4745
2456
9264
5435
10010
446
14695
8141
9753
18068
7227
7456
12172
6078
18407
17948
18090
2120
19817
9576
9525
12955
17876
12201
5657
10215
12825
14655
17775
16021
1859
18872
14829
7476
659
1191
7922
11706
9332
17675
9774
12912
1484
18298
15342
19891
16246
13432
